200 5 25
1 2 1 2 1 
2 3 3 5 5 
0 3 0 0 0 0 1
1 12 0 0 0 1 0
2 2 0 0 0 1 1
3 7 0 0 1 0 0
4 1 0 0 1 0 1
5 6 0 0 1 1 0
6 38 0 1 0 0 0
7 3 0 1 0 0 1
8 17 0 1 0 1 0
9 15 0 1 1 0 0
10 4 0 1 1 0 1
11 2 0 1 1 1 1
12 5 1 0 0 0 1
13 13 1 0 0 1 0
14 1 1 0 0 1 1
15 13 1 0 1 0 0
16 2 1 0 1 0 1
17 5 1 0 1 1 0
18 1 1 0 1 1 1
19 22 1 1 0 0 0
20 5 1 1 0 0 1
21 13 1 1 0 1 0
22 3 1 1 0 1 1
23 4 1 1 1 0 1
24 3 1 1 1 1 0

Cantidad de restricciones violadas (solucion Greedy): 85
Tiempo de ejecucion :115.18 milisegundos
Cantidad de restricciones violadas (solucion final): 39
Tiempo de ejecucion :481.883 milisegundos
Cantidad de iteraciones: 31
---------------------------------------
Nro. Auto   Clase	Opciones
---------------------------------------

	1	24	[1][1][1][1][0]
	2	6	[0][1][0][0][0]
	3	15	[1][0][1][0][0]
	4	2	[0][0][0][1][1]
	5	6	[0][1][0][0][0]
	6	12	[1][0][0][0][1]
	7	4	[0][0][1][0][1]
	8	5	[0][0][1][1][0]
	9	6	[0][1][0][0][0]
	10	7	[0][1][0][0][1]
	11	5	[0][0][1][1][0]
	12	19	[1][1][0][0][0]
	13	23	[1][1][1][0][1]
	14	1	[0][0][0][1][0]
	15	6	[0][1][0][0][0]
	16	13	[1][0][0][1][0]
	17	6	[0][1][0][0][0]
	18	19	[1][1][0][0][0]
	19	17	[1][0][1][1][0]
	20	19	[1][1][0][0][0]
	21	20	[1][1][0][0][1]
	22	21	[1][1][0][1][0]
	23	19	[1][1][0][0][0]
	24	1	[0][0][0][1][0]
	25	9	[0][1][1][0][0]
	26	3	[0][0][1][0][0]
	27	11	[0][1][1][1][1]
	28	8	[0][1][0][1][0]
	29	9	[0][1][1][0][0]
	30	10	[0][1][1][0][1]
	31	12	[1][0][0][0][1]
	32	17	[1][0][1][1][0]
	33	16	[1][0][1][0][1]
	34	6	[0][1][0][0][0]
	35	20	[1][1][0][0][1]
	36	23	[1][1][1][0][1]
	37	1	[0][0][0][1][0]
	38	6	[0][1][0][0][0]
	39	8	[0][1][0][1][0]
	40	19	[1][1][0][0][0]
	41	11	[0][1][1][1][1]
	42	16	[1][0][1][0][1]
	43	22	[1][1][0][1][1]
	44	1	[0][0][0][1][0]
	45	8	[0][1][0][1][0]
	46	6	[0][1][0][0][0]
	47	3	[0][0][1][0][0]
	48	22	[1][1][0][1][1]
	49	3	[0][0][1][0][0]
	50	6	[0][1][0][0][0]
	51	6	[0][1][0][0][0]
	52	12	[1][0][0][0][1]
	53	0	[0][0][0][0][1]
	54	20	[1][1][0][0][1]
	55	23	[1][1][1][0][1]
	56	1	[0][0][0][1][0]
	57	8	[0][1][0][1][0]
	58	15	[1][0][1][0][0]
	59	6	[0][1][0][0][0]
	60	8	[0][1][0][1][0]
	61	5	[0][0][1][1][0]
	62	12	[1][0][0][0][1]
	63	21	[1][1][0][1][0]
	64	6	[0][1][0][0][0]
	65	17	[1][0][1][1][0]
	66	1	[0][0][0][1][0]
	67	13	[1][0][0][1][0]
	68	0	[0][0][0][0][1]
	69	13	[1][0][0][1][0]
	70	3	[0][0][1][0][0]
	71	5	[0][0][1][1][0]
	72	19	[1][1][0][0][0]
	73	7	[0][1][0][0][1]
	74	21	[1][1][0][1][0]
	75	9	[0][1][1][0][0]
	76	19	[1][1][0][0][0]
	77	13	[1][0][0][1][0]
	78	9	[0][1][1][0][0]
	79	21	[1][1][0][1][0]
	80	7	[0][1][0][0][1]
	81	1	[0][0][0][1][0]
	82	21	[1][1][0][1][0]
	83	15	[1][0][1][0][0]
	84	9	[0][1][1][0][0]
	85	21	[1][1][0][1][0]
	86	6	[0][1][0][0][0]
	87	9	[0][1][1][0][0]
	88	13	[1][0][0][1][0]
	89	6	[0][1][0][0][0]
	90	10	[0][1][1][0][1]
	91	13	[1][0][0][1][0]
	92	8	[0][1][0][1][0]
	93	6	[0][1][0][0][0]
	94	5	[0][0][1][1][0]
	95	6	[0][1][0][0][0]
	96	23	[1][1][1][0][1]
	97	3	[0][0][1][0][0]
	98	10	[0][1][1][0][1]
	99	19	[1][1][0][0][0]
	100	24	[1][1][1][1][0]
	101	6	[0][1][0][0][0]
	102	13	[1][0][0][1][0]
	103	20	[1][1][0][0][1]
	104	1	[0][0][0][1][0]
	105	8	[0][1][0][1][0]
	106	15	[1][0][1][0][0]
	107	6	[0][1][0][0][0]
	108	15	[1][0][1][0][0]
	109	6	[0][1][0][0][0]
	110	21	[1][1][0][1][0]
	111	2	[0][0][0][1][1]
	112	21	[1][1][0][1][0]
	113	9	[0][1][1][0][0]
	114	18	[1][0][1][1][1]
	115	9	[0][1][1][0][0]
	116	21	[1][1][0][1][0]
	117	9	[0][1][1][0][0]
	118	21	[1][1][0][1][0]
	119	9	[0][1][1][0][0]
	120	21	[1][1][0][1][0]
	121	1	[0][0][0][1][0]
	122	13	[1][0][0][1][0]
	123	8	[0][1][0][1][0]
	124	19	[1][1][0][0][0]
	125	20	[1][1][0][0][1]
	126	3	[0][0][1][0][0]
	127	17	[1][0][1][1][0]
	128	6	[0][1][0][0][0]
	129	19	[1][1][0][0][0]
	130	9	[0][1][1][0][0]
	131	8	[0][1][0][1][0]
	132	15	[1][0][1][0][0]
	133	19	[1][1][0][0][0]
	134	21	[1][1][0][1][0]
	135	9	[0][1][1][0][0]
	136	13	[1][0][0][1][0]
	137	0	[0][0][0][0][1]
	138	19	[1][1][0][0][0]
	139	3	[0][0][1][0][0]
	140	19	[1][1][0][0][0]
	141	21	[1][1][0][1][0]
	142	6	[0][1][0][0][0]
	143	6	[0][1][0][0][0]
	144	13	[1][0][0][1][0]
	145	8	[0][1][0][1][0]
	146	8	[0][1][0][1][0]
	147	8	[0][1][0][1][0]
	148	13	[1][0][0][1][0]
	149	9	[0][1][1][0][0]
	150	13	[1][0][0][1][0]
	151	6	[0][1][0][0][0]
	152	15	[1][0][1][0][0]
	153	19	[1][1][0][0][0]
	154	9	[0][1][1][0][0]
	155	8	[0][1][0][1][0]
	156	15	[1][0][1][0][0]
	157	19	[1][1][0][0][0]
	158	6	[0][1][0][0][0]
	159	8	[0][1][0][1][0]
	160	15	[1][0][1][0][0]
	161	19	[1][1][0][0][0]
	162	13	[1][0][0][1][0]
	163	8	[0][1][0][1][0]
	164	15	[1][0][1][0][0]
	165	19	[1][1][0][0][0]
	166	9	[0][1][1][0][0]
	167	8	[0][1][0][1][0]
	168	8	[0][1][0][1][0]
	169	1	[0][0][0][1][0]
	170	10	[0][1][1][0][1]
	171	6	[0][1][0][0][0]
	172	15	[1][0][1][0][0]
	173	19	[1][1][0][0][0]
	174	6	[0][1][0][0][0]
	175	15	[1][0][1][0][0]
	176	1	[0][0][0][1][0]
	177	6	[0][1][0][0][0]
	178	24	[1][1][1][1][0]
	179	12	[1][0][0][0][1]
	180	6	[0][1][0][0][0]
	181	6	[0][1][0][0][0]
	182	19	[1][1][0][0][0]
	183	6	[0][1][0][0][0]
	184	19	[1][1][0][0][0]
	185	14	[1][0][0][1][1]
	186	6	[0][1][0][0][0]
	187	5	[0][0][1][1][0]
	188	19	[1][1][0][0][0]
	189	6	[0][1][0][0][0]
	190	6	[0][1][0][0][0]
	191	6	[0][1][0][0][0]
	192	17	[1][0][1][1][0]
	193	6	[0][1][0][0][0]
	194	6	[0][1][0][0][0]
	195	1	[0][0][0][1][0]
	196	22	[1][1][0][1][1]
	197	15	[1][0][1][0][0]
	198	6	[0][1][0][0][0]
	199	6	[0][1][0][0][0]
	200	19	[1][1][0][0][0]