200 5 20
1 2 1 2 1 
2 3 3 5 5 
0 9 0 0 0 0 1
1 17 0 0 0 1 0
2 2 0 0 1 0 1
3 9 0 0 1 1 0
4 1 0 0 1 1 1
5 51 0 1 0 0 0
6 6 0 1 0 0 1
7 20 0 1 0 1 0
8 5 0 1 0 1 1
9 4 0 1 1 0 1
10 23 1 0 0 0 0
11 4 1 0 0 0 1
12 3 1 0 0 1 1
13 7 1 0 1 0 0
14 1 1 0 1 1 0
15 2 1 1 0 1 1
16 24 1 1 1 0 0
17 2 1 1 1 0 1
18 9 1 1 1 1 0
19 1 1 1 1 1 1

Cantidad de restricciones violadas (solucion Greedy): 81
Tiempo de ejecucion :89.057 milisegundos
Cantidad de restricciones violadas (solucion final): 31
Tiempo de ejecucion :502.85 milisegundos
Cantidad de iteraciones: 35
---------------------------------------
Nro. Auto   Clase	Opciones
---------------------------------------

	1	0	[0][0][0][0][1]
	2	5	[0][1][0][0][0]
	3	1	[0][0][0][1][0]
	4	7	[0][1][0][1][0]
	5	5	[0][1][0][0][0]
	6	6	[0][1][0][0][1]
	7	10	[1][0][0][0][0]
	8	11	[1][0][0][0][1]
	9	6	[0][1][0][0][1]
	10	6	[0][1][0][0][1]
	11	7	[0][1][0][1][0]
	12	8	[0][1][0][1][1]
	13	11	[1][0][0][0][1]
	14	5	[0][1][0][0][0]
	15	5	[0][1][0][0][0]
	16	14	[1][0][1][1][0]
	17	10	[1][0][0][0][0]
	18	7	[0][1][0][1][0]
	19	7	[0][1][0][1][0]
	20	16	[1][1][1][0][0]
	21	10	[1][0][0][0][0]
	22	5	[0][1][0][0][0]
	23	18	[1][1][1][1][0]
	24	16	[1][1][1][0][0]
	25	1	[0][0][0][1][0]
	26	2	[0][0][1][0][1]
	27	5	[0][1][0][0][0]
	28	6	[0][1][0][0][1]
	29	9	[0][1][1][0][1]
	30	12	[1][0][0][1][1]
	31	0	[0][0][0][0][1]
	32	18	[1][1][1][1][0]
	33	5	[0][1][0][0][0]
	34	10	[1][0][0][0][0]
	35	16	[1][1][1][0][0]
	36	13	[1][0][1][0][0]
	37	3	[0][0][1][1][0]
	38	9	[0][1][1][0][1]
	39	0	[0][0][0][0][1]
	40	9	[0][1][1][0][1]
	41	10	[1][0][0][0][0]
	42	5	[0][1][0][0][0]
	43	16	[1][1][1][0][0]
	44	1	[0][0][0][1][0]
	45	8	[0][1][0][1][1]
	46	16	[1][1][1][0][0]
	47	5	[0][1][0][0][0]
	48	10	[1][0][0][0][0]
	49	3	[0][0][1][1][0]
	50	1	[0][0][0][1][0]
	51	17	[1][1][1][0][1]
	52	5	[0][1][0][0][0]
	53	6	[0][1][0][0][1]
	54	18	[1][1][1][1][0]
	55	0	[0][0][0][0][1]
	56	5	[0][1][0][0][0]
	57	1	[0][0][0][1][0]
	58	10	[1][0][0][0][0]
	59	13	[1][0][1][0][0]
	60	4	[0][0][1][1][1]
	61	16	[1][1][1][0][0]
	62	7	[0][1][0][1][0]
	63	13	[1][0][1][0][0]
	64	0	[0][0][0][0][1]
	65	6	[0][1][0][0][1]
	66	1	[0][0][0][1][0]
	67	18	[1][1][1][1][0]
	68	15	[1][1][0][1][1]
	69	10	[1][0][0][0][0]
	70	5	[0][1][0][0][0]
	71	3	[0][0][1][1][0]
	72	5	[0][1][0][0][0]
	73	16	[1][1][1][0][0]
	74	5	[0][1][0][0][0]
	75	10	[1][0][0][0][0]
	76	15	[1][1][0][1][1]
	77	18	[1][1][1][1][0]
	78	1	[0][0][0][1][0]
	79	16	[1][1][1][0][0]
	80	8	[0][1][0][1][1]
	81	11	[1][0][0][0][1]
	82	0	[0][0][0][0][1]
	83	16	[1][1][1][0][0]
	84	5	[0][1][0][0][0]
	85	8	[0][1][0][1][1]
	86	5	[0][1][0][0][0]
	87	7	[0][1][0][1][0]
	88	3	[0][0][1][1][0]
	89	1	[0][0][0][1][0]
	90	10	[1][0][0][0][0]
	91	5	[0][1][0][0][0]
	92	9	[0][1][1][0][1]
	93	0	[0][0][0][0][1]
	94	1	[0][0][0][1][0]
	95	10	[1][0][0][0][0]
	96	7	[0][1][0][1][0]
	97	10	[1][0][0][0][0]
	98	16	[1][1][1][0][0]
	99	1	[0][0][0][1][0]
	100	16	[1][1][1][0][0]
	101	10	[1][0][0][0][0]
	102	7	[0][1][0][1][0]
	103	5	[0][1][0][0][0]
	104	3	[0][0][1][1][0]
	105	5	[0][1][0][0][0]
	106	13	[1][0][1][0][0]
	107	5	[0][1][0][0][0]
	108	7	[0][1][0][1][0]
	109	1	[0][0][0][1][0]
	110	18	[1][1][1][1][0]
	111	19	[1][1][1][1][1]
	112	1	[0][0][0][1][0]
	113	16	[1][1][1][0][0]
	114	10	[1][0][0][0][0]
	115	5	[0][1][0][0][0]
	116	10	[1][0][0][0][0]
	117	7	[0][1][0][1][0]
	118	5	[0][1][0][0][0]
	119	3	[0][0][1][1][0]
	120	1	[0][0][0][1][0]
	121	5	[0][1][0][0][0]
	122	16	[1][1][1][0][0]
	123	1	[0][0][0][1][0]
	124	10	[1][0][0][0][0]
	125	5	[0][1][0][0][0]
	126	18	[1][1][1][1][0]
	127	10	[1][0][0][0][0]
	128	18	[1][1][1][1][0]
	129	5	[0][1][0][0][0]
	130	3	[0][0][1][1][0]
	131	5	[0][1][0][0][0]
	132	16	[1][1][1][0][0]
	133	1	[0][0][0][1][0]
	134	5	[0][1][0][0][0]
	135	16	[1][1][1][0][0]
	136	16	[1][1][1][0][0]
	137	16	[1][1][1][0][0]
	138	5	[0][1][0][0][0]
	139	10	[1][0][0][0][0]
	140	7	[0][1][0][1][0]
	141	10	[1][0][0][0][0]
	142	5	[0][1][0][0][0]
	143	5	[0][1][0][0][0]
	144	16	[1][1][1][0][0]
	145	10	[1][0][0][0][0]
	146	5	[0][1][0][0][0]
	147	5	[0][1][0][0][0]
	148	13	[1][0][1][0][0]
	149	2	[0][0][1][0][1]
	150	7	[0][1][0][1][0]
	151	7	[0][1][0][1][0]
	152	5	[0][1][0][0][0]
	153	16	[1][1][1][0][0]
	154	10	[1][0][0][0][0]
	155	11	[1][0][0][0][1]
	156	7	[0][1][0][1][0]
	157	16	[1][1][1][0][0]
	158	3	[0][0][1][1][0]
	159	16	[1][1][1][0][0]
	160	8	[0][1][0][1][1]
	161	5	[0][1][0][0][0]
	162	16	[1][1][1][0][0]
	163	12	[1][0][0][1][1]
	164	7	[0][1][0][1][0]
	165	7	[0][1][0][1][0]
	166	7	[0][1][0][1][0]
	167	7	[0][1][0][1][0]
	168	7	[0][1][0][1][0]
	169	5	[0][1][0][0][0]
	170	13	[1][0][1][0][0]
	171	17	[1][1][1][0][1]
	172	5	[0][1][0][0][0]
	173	5	[0][1][0][0][0]
	174	5	[0][1][0][0][0]
	175	1	[0][0][0][1][0]
	176	5	[0][1][0][0][0]
	177	0	[0][0][0][0][1]
	178	5	[0][1][0][0][0]
	179	5	[0][1][0][0][0]
	180	12	[1][0][0][1][1]
	181	5	[0][1][0][0][0]
	182	5	[0][1][0][0][0]
	183	5	[0][1][0][0][0]
	184	5	[0][1][0][0][0]
	185	18	[1][1][1][1][0]
	186	5	[0][1][0][0][0]
	187	3	[0][0][1][1][0]
	188	10	[1][0][0][0][0]
	189	5	[0][1][0][0][0]
	190	5	[0][1][0][0][0]
	191	16	[1][1][1][0][0]
	192	1	[0][0][0][1][0]
	193	10	[1][0][0][0][0]
	194	0	[0][0][0][0][1]
	195	7	[0][1][0][1][0]
	196	5	[0][1][0][0][0]
	197	13	[1][0][1][0][0]
	198	5	[0][1][0][0][0]
	199	5	[0][1][0][0][0]
	200	16	[1][1][1][0][0]