400 5 25
1 2 1 2 1 
2 3 3 5 5 
0 12 0 0 0 0 1
1 26 0 0 0 1 0
2 4 0 0 1 0 1
3 8 0 0 1 1 0
4 1 0 0 1 1 1
5 58 0 1 0 0 0
6 12 0 1 0 0 1
7 33 0 1 0 1 0
8 3 0 1 0 1 1
9 31 0 1 1 0 0
10 3 0 1 1 0 1
11 14 0 1 1 1 0
12 34 1 0 0 0 0
13 11 1 0 0 0 1
14 12 1 0 0 1 0
15 2 1 0 0 1 1
16 20 1 0 1 0 0
17 1 1 0 1 0 1
18 10 1 0 1 1 0
19 2 1 0 1 1 1
20 44 1 1 0 0 0
21 28 1 1 0 1 0
22 4 1 1 0 1 1
23 26 1 1 1 0 0
24 1 1 1 1 1 1

Cantidad de restricciones violadas (solucion Greedy): 158
Tiempo de ejecucion :512.723 milisegundos
Cantidad de restricciones violadas (solucion final): 60
Tiempo de ejecucion :3326.9 milisegundos
Cantidad de iteraciones: 61
---------------------------------------
Nro. Auto   Clase	Opciones
---------------------------------------

	1	12	[1][0][0][0][0]
	2	1	[0][0][0][1][0]
	3	1	[0][0][0][1][0]
	4	10	[0][1][1][0][1]
	5	5	[0][1][0][0][0]
	6	21	[1][1][0][1][0]
	7	12	[1][0][0][0][0]
	8	13	[1][0][0][0][1]
	9	7	[0][1][0][1][0]
	10	6	[0][1][0][0][1]
	11	7	[0][1][0][1][0]
	12	2	[0][0][1][0][1]
	13	13	[1][0][0][0][1]
	14	5	[0][1][0][0][0]
	15	10	[0][1][1][0][1]
	16	12	[1][0][0][0][0]
	17	11	[0][1][1][1][0]
	18	20	[1][1][0][0][0]
	19	1	[0][0][0][1][0]
	20	5	[0][1][0][0][0]
	21	20	[1][1][0][0][0]
	22	1	[0][0][0][1][0]
	23	5	[0][1][0][0][0]
	24	15	[1][0][0][1][1]
	25	20	[1][1][0][0][0]
	26	17	[1][0][1][0][1]
	27	5	[0][1][0][0][0]
	28	21	[1][1][0][1][0]
	29	23	[1][1][1][0][0]
	30	0	[0][0][0][0][1]
	31	12	[1][0][0][0][0]
	32	3	[0][0][1][1][0]
	33	5	[0][1][0][0][0]
	34	21	[1][1][0][1][0]
	35	9	[0][1][1][0][0]
	36	14	[1][0][0][1][0]
	37	1	[0][0][0][1][0]
	38	16	[1][0][1][0][0]
	39	5	[0][1][0][0][0]
	40	22	[1][1][0][1][1]
	41	0	[0][0][0][0][1]
	42	3	[0][0][1][1][0]
	43	6	[0][1][0][0][1]
	44	9	[0][1][1][0][0]
	45	12	[1][0][0][0][0]
	46	5	[0][1][0][0][0]
	47	21	[1][1][0][1][0]
	48	24	[1][1][1][1][1]
	49	12	[1][0][0][0][0]
	50	2	[0][0][1][0][1]
	51	6	[0][1][0][0][1]
	52	10	[0][1][1][0][1]
	53	14	[1][0][0][1][0]
	54	21	[1][1][0][1][0]
	55	1	[0][0][0][1][0]
	56	16	[1][0][1][0][0]
	57	9	[0][1][1][0][0]
	58	13	[1][0][0][0][1]
	59	20	[1][1][0][0][0]
	60	0	[0][0][0][0][1]
	61	21	[1][1][0][1][0]
	62	7	[0][1][0][1][0]
	63	9	[0][1][1][0][0]
	64	2	[0][0][1][0][1]
	65	13	[1][0][0][0][1]
	66	22	[1][1][0][1][1]
	67	5	[0][1][0][0][0]
	68	18	[1][0][1][1][0]
	69	13	[1][0][0][0][1]
	70	5	[0][1][0][0][0]
	71	11	[0][1][1][1][0]
	72	6	[0][1][0][0][1]
	73	13	[1][0][0][0][1]
	74	22	[1][1][0][1][1]
	75	6	[0][1][0][0][1]
	76	14	[1][0][0][1][0]
	77	1	[0][0][0][1][0]
	78	9	[0][1][1][0][0]
	79	9	[0][1][1][0][0]
	80	21	[1][1][0][1][0]
	81	6	[0][1][0][0][1]
	82	14	[1][0][0][1][0]
	83	5	[0][1][0][0][0]
	84	2	[0][0][1][0][1]
	85	23	[1][1][1][0][0]
	86	7	[0][1][0][1][0]
	87	14	[1][0][0][1][0]
	88	3	[0][0][1][1][0]
	89	13	[1][0][0][0][1]
	90	1	[0][0][0][1][0]
	91	12	[1][0][0][0][0]
	92	0	[0][0][0][0][1]
	93	11	[0][1][1][1][0]
	94	16	[1][0][1][0][0]
	95	5	[0][1][0][0][0]
	96	20	[1][1][0][0][0]
	97	12	[1][0][0][0][0]
	98	0	[0][0][0][0][1]
	99	11	[0][1][1][1][0]
	100	23	[1][1][1][0][0]
	101	9	[0][1][1][0][0]
	102	12	[1][0][0][0][0]
	103	23	[1][1][1][0][0]
	104	9	[0][1][1][0][0]
	105	21	[1][1][0][1][0]
	106	20	[1][1][0][0][0]
	107	20	[1][1][0][0][0]
	108	7	[0][1][0][1][0]
	109	12	[1][0][0][0][0]
	110	20	[1][1][0][0][0]
	111	7	[0][1][0][1][0]
	112	18	[1][0][1][1][0]
	113	6	[0][1][0][0][1]
	114	16	[1][0][1][0][0]
	115	21	[1][1][0][1][0]
	116	6	[0][1][0][0][1]
	117	16	[1][0][1][0][0]
	118	5	[0][1][0][0][0]
	119	14	[1][0][0][1][0]
	120	3	[0][0][1][1][0]
	121	5	[0][1][0][0][0]
	122	16	[1][0][1][0][0]
	123	20	[1][1][0][0][0]
	124	6	[0][1][0][0][1]
	125	20	[1][1][0][0][0]
	126	11	[0][1][1][1][0]
	127	9	[0][1][1][0][0]
	128	0	[0][0][0][0][1]
	129	12	[1][0][0][0][0]
	130	3	[0][0][1][1][0]
	131	16	[1][0][1][0][0]
	132	6	[0][1][0][0][1]
	133	21	[1][1][0][1][0]
	134	12	[1][0][0][0][0]
	135	5	[0][1][0][0][0]
	136	21	[1][1][0][1][0]
	137	12	[1][0][0][0][0]
	138	16	[1][0][1][0][0]
	139	7	[0][1][0][1][0]
	140	23	[1][1][1][0][0]
	141	14	[1][0][0][1][0]
	142	7	[0][1][0][1][0]
	143	23	[1][1][1][0][0]
	144	5	[0][1][0][0][0]
	145	7	[0][1][0][1][0]
	146	23	[1][1][1][0][0]
	147	14	[1][0][0][1][0]
	148	7	[0][1][0][1][0]
	149	23	[1][1][1][0][0]
	150	14	[1][0][0][1][0]
	151	20	[1][1][0][0][0]
	152	5	[0][1][0][0][0]
	153	23	[1][1][1][0][0]
	154	0	[0][0][0][0][1]
	155	20	[1][1][0][0][0]
	156	11	[0][1][1][1][0]
	157	16	[1][0][1][0][0]
	158	9	[0][1][1][0][0]
	159	5	[0][1][0][0][0]
	160	0	[0][0][0][0][1]
	161	5	[0][1][0][0][0]
	162	21	[1][1][0][1][0]
	163	16	[1][0][1][0][0]
	164	9	[0][1][1][0][0]
	165	5	[0][1][0][0][0]
	166	0	[0][0][0][0][1]
	167	21	[1][1][0][1][0]
	168	1	[0][0][0][1][0]
	169	5	[0][1][0][0][0]
	170	9	[0][1][1][0][0]
	171	1	[0][0][0][1][0]
	172	23	[1][1][1][0][0]
	173	21	[1][1][0][1][0]
	174	20	[1][1][0][0][0]
	175	18	[1][0][1][1][0]
	176	5	[0][1][0][0][0]
	177	12	[1][0][0][0][0]
	178	23	[1][1][1][0][0]
	179	7	[0][1][0][1][0]
	180	21	[1][1][0][1][0]
	181	12	[1][0][0][0][0]
	182	11	[0][1][1][1][0]
	183	12	[1][0][0][0][0]
	184	16	[1][0][1][0][0]
	185	5	[0][1][0][0][0]
	186	20	[1][1][0][0][0]
	187	21	[1][1][0][1][0]
	188	23	[1][1][1][0][0]
	189	20	[1][1][0][0][0]
	190	3	[0][0][1][1][0]
	191	9	[0][1][1][0][0]
	192	16	[1][0][1][0][0]
	193	21	[1][1][0][1][0]
	194	5	[0][1][0][0][0]
	195	11	[0][1][1][1][0]
	196	13	[1][0][0][0][1]
	197	23	[1][1][1][0][0]
	198	1	[0][0][0][1][0]
	199	9	[0][1][1][0][0]
	200	16	[1][0][1][0][0]
	201	21	[1][1][0][1][0]
	202	5	[0][1][0][0][0]
	203	11	[0][1][1][1][0]
	204	20	[1][1][0][0][0]
	205	23	[1][1][1][0][0]
	206	7	[0][1][0][1][0]
	207	12	[1][0][0][0][0]
	208	5	[0][1][0][0][0]
	209	1	[0][0][0][1][0]
	210	9	[0][1][1][0][0]
	211	16	[1][0][1][0][0]
	212	20	[1][1][0][0][0]
	213	5	[0][1][0][0][0]
	214	6	[0][1][0][0][1]
	215	11	[0][1][1][1][0]
	216	20	[1][1][0][0][0]
	217	1	[0][0][0][1][0]
	218	9	[0][1][1][0][0]
	219	16	[1][0][1][0][0]
	220	7	[0][1][0][1][0]
	221	5	[0][1][0][0][0]
	222	20	[1][1][0][0][0]
	223	5	[0][1][0][0][0]
	224	23	[1][1][1][0][0]
	225	7	[0][1][0][1][0]
	226	12	[1][0][0][0][0]
	227	20	[1][1][0][0][0]
	228	21	[1][1][0][1][0]
	229	12	[1][0][0][0][0]
	230	5	[0][1][0][0][0]
	231	1	[0][0][0][1][0]
	232	23	[1][1][1][0][0]
	233	7	[0][1][0][1][0]
	234	0	[0][0][0][0][1]
	235	20	[1][1][0][0][0]
	236	1	[0][0][0][1][0]
	237	9	[0][1][1][0][0]
	238	16	[1][0][1][0][0]
	239	21	[1][1][0][1][0]
	240	5	[0][1][0][0][0]
	241	11	[0][1][1][1][0]
	242	21	[1][1][0][1][0]
	243	12	[1][0][0][0][0]
	244	9	[0][1][1][0][0]
	245	5	[0][1][0][0][0]
	246	18	[1][0][1][1][0]
	247	5	[0][1][0][0][0]
	248	18	[1][0][1][1][0]
	249	5	[0][1][0][0][0]
	250	18	[1][0][1][1][0]
	251	9	[0][1][1][0][0]
	252	12	[1][0][0][0][0]
	253	23	[1][1][1][0][0]
	254	7	[0][1][0][1][0]
	255	12	[1][0][0][0][0]
	256	7	[0][1][0][1][0]
	257	9	[0][1][1][0][0]
	258	21	[1][1][0][1][0]
	259	16	[1][0][1][0][0]
	260	1	[0][0][0][1][0]
	261	5	[0][1][0][0][0]
	262	23	[1][1][1][0][0]
	263	8	[0][1][0][1][1]
	264	12	[1][0][0][0][0]
	265	7	[0][1][0][1][0]
	266	1	[0][0][0][1][0]
	267	21	[1][1][0][1][0]
	268	7	[0][1][0][1][0]
	269	9	[0][1][1][0][0]
	270	5	[0][1][0][0][0]
	271	12	[1][0][0][0][0]
	272	1	[0][0][0][1][0]
	273	21	[1][1][0][1][0]
	274	23	[1][1][1][0][0]
	275	20	[1][1][0][0][0]
	276	12	[1][0][0][0][0]
	277	7	[0][1][0][1][0]
	278	20	[1][1][0][0][0]
	279	8	[0][1][0][1][1]
	280	16	[1][0][1][0][0]
	281	20	[1][1][0][0][0]
	282	6	[0][1][0][0][1]
	283	23	[1][1][1][0][0]
	284	1	[0][0][0][1][0]
	285	5	[0][1][0][0][0]
	286	7	[0][1][0][1][0]
	287	9	[0][1][1][0][0]
	288	20	[1][1][0][0][0]
	289	1	[0][0][0][1][0]
	290	21	[1][1][0][1][0]
	291	23	[1][1][1][0][0]
	292	1	[0][0][0][1][0]
	293	18	[1][0][1][1][0]
	294	7	[0][1][0][1][0]
	295	9	[0][1][1][0][0]
	296	12	[1][0][0][0][0]
	297	1	[0][0][0][1][0]
	298	21	[1][1][0][1][0]
	299	23	[1][1][1][0][0]
	300	1	[0][0][0][1][0]
	301	20	[1][1][0][0][0]
	302	7	[0][1][0][1][0]
	303	9	[0][1][1][0][0]
	304	12	[1][0][0][0][0]
	305	20	[1][1][0][0][0]
	306	4	[0][0][1][1][1]
	307	23	[1][1][1][0][0]
	308	1	[0][0][0][1][0]
	309	20	[1][1][0][0][0]
	310	5	[0][1][0][0][0]
	311	1	[0][0][0][1][0]
	312	21	[1][1][0][1][0]
	313	9	[0][1][1][0][0]
	314	20	[1][1][0][0][0]
	315	12	[1][0][0][0][0]
	316	5	[0][1][0][0][0]
	317	16	[1][0][1][0][0]
	318	7	[0][1][0][1][0]
	319	21	[1][1][0][1][0]
	320	23	[1][1][1][0][0]
	321	15	[1][0][0][1][1]
	322	7	[0][1][0][1][0]
	323	9	[0][1][1][0][0]
	324	12	[1][0][0][0][0]
	325	20	[1][1][0][0][0]
	326	23	[1][1][1][0][0]
	327	19	[1][0][1][1][1]
	328	7	[0][1][0][1][0]
	329	9	[0][1][1][0][0]
	330	12	[1][0][0][0][0]
	331	20	[1][1][0][0][0]
	332	11	[0][1][1][1][0]
	333	12	[1][0][0][0][0]
	334	7	[0][1][0][1][0]
	335	9	[0][1][1][0][0]
	336	12	[1][0][0][0][0]
	337	5	[0][1][0][0][0]
	338	23	[1][1][1][0][0]
	339	8	[0][1][0][1][1]
	340	14	[1][0][0][1][0]
	341	20	[1][1][0][0][0]
	342	5	[0][1][0][0][0]
	343	13	[1][0][0][0][1]
	344	11	[0][1][1][1][0]
	345	5	[0][1][0][0][0]
	346	20	[1][1][0][0][0]
	347	20	[1][1][0][0][0]
	348	9	[0][1][1][0][0]
	349	19	[1][0][1][1][1]
	350	5	[0][1][0][0][0]
	351	22	[1][1][0][1][1]
	352	3	[0][0][1][1][0]
	353	5	[0][1][0][0][0]
	354	5	[0][1][0][0][0]
	355	5	[0][1][0][0][0]
	356	0	[0][0][0][0][1]
	357	5	[0][1][0][0][0]
	358	14	[1][0][0][1][0]
	359	18	[1][0][1][1][0]
	360	5	[0][1][0][0][0]
	361	14	[1][0][0][1][0]
	362	5	[0][1][0][0][0]
	363	0	[0][0][0][0][1]
	364	7	[0][1][0][1][0]
	365	7	[0][1][0][1][0]
	366	9	[0][1][1][0][0]
	367	7	[0][1][0][1][0]
	368	20	[1][1][0][0][0]
	369	13	[1][0][0][0][1]
	370	7	[0][1][0][1][0]
	371	16	[1][0][1][0][0]
	372	7	[0][1][0][1][0]
	373	20	[1][1][0][0][0]
	374	9	[0][1][1][0][0]
	375	12	[1][0][0][0][0]
	376	7	[0][1][0][1][0]
	377	1	[0][0][0][1][0]
	378	20	[1][1][0][0][0]
	379	5	[0][1][0][0][0]
	380	20	[1][1][0][0][0]
	381	18	[1][0][1][1][0]
	382	20	[1][1][0][0][0]
	383	5	[0][1][0][0][0]
	384	18	[1][0][1][1][0]
	385	5	[0][1][0][0][0]
	386	20	[1][1][0][0][0]
	387	3	[0][0][1][1][0]
	388	20	[1][1][0][0][0]
	389	11	[0][1][1][1][0]
	390	12	[1][0][0][0][0]
	391	5	[0][1][0][0][0]
	392	20	[1][1][0][0][0]
	393	20	[1][1][0][0][0]
	394	5	[0][1][0][0][0]
	395	13	[1][0][0][0][1]
	396	5	[0][1][0][0][0]
	397	5	[0][1][0][0][0]
	398	20	[1][1][0][0][0]
	399	5	[0][1][0][0][0]
	400	5	[0][1][0][0][0]