400 5 25
1 2 1 2 1 
2 3 3 5 5 
0 12 0 0 0 0 1
1 26 0 0 0 1 0
2 4 0 0 1 0 1
3 8 0 0 1 1 0
4 1 0 0 1 1 1
5 58 0 1 0 0 0
6 12 0 1 0 0 1
7 33 0 1 0 1 0
8 3 0 1 0 1 1
9 31 0 1 1 0 0
10 3 0 1 1 0 1
11 14 0 1 1 1 0
12 34 1 0 0 0 0
13 11 1 0 0 0 1
14 12 1 0 0 1 0
15 2 1 0 0 1 1
16 20 1 0 1 0 0
17 1 1 0 1 0 1
18 10 1 0 1 1 0
19 2 1 0 1 1 1
20 44 1 1 0 0 0
21 28 1 1 0 1 0
22 4 1 1 0 1 1
23 26 1 1 1 0 0
24 1 1 1 1 1 1

Cantidad de restricciones violadas (solucion Greedy): 158
Tiempo de ejecucion :515.792 milisegundos
Cantidad de restricciones violadas (solucion final): 50
Tiempo de ejecucion :3786.1 milisegundos
Cantidad de iteraciones: 71
---------------------------------------
Nro. Auto   Clase	Opciones
---------------------------------------

	1	0	[0][0][0][0][1]
	2	16	[1][0][1][0][0]
	3	5	[0][1][0][0][0]
	4	20	[1][1][0][0][0]
	5	5	[0][1][0][0][0]
	6	20	[1][1][0][0][0]
	7	12	[1][0][0][0][0]
	8	13	[1][0][0][0][1]
	9	23	[1][1][1][0][0]
	10	6	[0][1][0][0][1]
	11	7	[0][1][0][1][0]
	12	12	[1][0][0][0][0]
	13	5	[0][1][0][0][0]
	14	14	[1][0][0][1][0]
	15	10	[0][1][1][0][1]
	16	11	[0][1][1][1][0]
	17	11	[0][1][1][1][0]
	18	20	[1][1][0][0][0]
	19	1	[0][0][0][1][0]
	20	13	[1][0][0][0][1]
	21	20	[1][1][0][0][0]
	22	1	[0][0][0][1][0]
	23	15	[1][0][0][1][1]
	24	9	[0][1][1][0][0]
	25	5	[0][1][0][0][0]
	26	20	[1][1][0][0][0]
	27	19	[1][0][1][1][1]
	28	21	[1][1][0][1][0]
	29	23	[1][1][1][0][0]
	30	0	[0][0][0][0][1]
	31	20	[1][1][0][0][0]
	32	3	[0][0][1][1][0]
	33	5	[0][1][0][0][0]
	34	21	[1][1][0][1][0]
	35	9	[0][1][1][0][0]
	36	21	[1][1][0][1][0]
	37	13	[1][0][0][0][1]
	38	16	[1][0][1][0][0]
	39	19	[1][0][1][1][1]
	40	5	[0][1][0][0][0]
	41	21	[1][1][0][1][0]
	42	3	[0][0][1][1][0]
	43	6	[0][1][0][0][1]
	44	9	[0][1][1][0][0]
	45	1	[0][0][0][1][0]
	46	16	[1][0][1][0][0]
	47	7	[0][1][0][1][0]
	48	12	[1][0][0][0][0]
	49	20	[1][1][0][0][0]
	50	2	[0][0][1][0][1]
	51	6	[0][1][0][0][1]
	52	10	[0][1][1][0][1]
	53	14	[1][0][0][1][0]
	54	5	[0][1][0][0][0]
	55	1	[0][0][0][1][0]
	56	5	[0][1][0][0][0]
	57	9	[0][1][1][0][0]
	58	13	[1][0][0][0][1]
	59	20	[1][1][0][0][0]
	60	0	[0][0][0][0][1]
	61	4	[0][0][1][1][1]
	62	20	[1][1][0][0][0]
	63	14	[1][0][0][1][0]
	64	10	[0][1][1][0][1]
	65	13	[1][0][0][0][1]
	66	22	[1][1][0][1][1]
	67	5	[0][1][0][0][0]
	68	12	[1][0][0][0][0]
	69	13	[1][0][0][0][1]
	70	23	[1][1][1][0][0]
	71	12	[1][0][0][0][0]
	72	5	[0][1][0][0][0]
	73	6	[0][1][0][0][1]
	74	21	[1][1][0][1][0]
	75	6	[0][1][0][0][1]
	76	14	[1][0][0][1][0]
	77	1	[0][0][0][1][0]
	78	9	[0][1][1][0][0]
	79	9	[0][1][1][0][0]
	80	21	[1][1][0][1][0]
	81	6	[0][1][0][0][1]
	82	23	[1][1][1][0][0]
	83	1	[0][0][0][1][0]
	84	20	[1][1][0][0][0]
	85	5	[0][1][0][0][0]
	86	13	[1][0][0][0][1]
	87	20	[1][1][0][0][0]
	88	3	[0][0][1][1][0]
	89	20	[1][1][0][0][0]
	90	1	[0][0][0][1][0]
	91	12	[1][0][0][0][0]
	92	0	[0][0][0][0][1]
	93	11	[0][1][1][1][0]
	94	16	[1][0][1][0][0]
	95	5	[0][1][0][0][0]
	96	1	[0][0][0][1][0]
	97	12	[1][0][0][0][0]
	98	0	[0][0][0][0][1]
	99	11	[0][1][1][1][0]
	100	23	[1][1][1][0][0]
	101	9	[0][1][1][0][0]
	102	12	[1][0][0][0][0]
	103	23	[1][1][1][0][0]
	104	3	[0][0][1][1][0]
	105	21	[1][1][0][1][0]
	106	8	[0][1][0][1][1]
	107	20	[1][1][0][0][0]
	108	9	[0][1][1][0][0]
	109	12	[1][0][0][0][0]
	110	5	[0][1][0][0][0]
	111	7	[0][1][0][1][0]
	112	18	[1][0][1][1][0]
	113	6	[0][1][0][0][1]
	114	16	[1][0][1][0][0]
	115	21	[1][1][0][1][0]
	116	6	[0][1][0][0][1]
	117	16	[1][0][1][0][0]
	118	5	[0][1][0][0][0]
	119	14	[1][0][0][1][0]
	120	3	[0][0][1][1][0]
	121	7	[0][1][0][1][0]
	122	16	[1][0][1][0][0]
	123	20	[1][1][0][0][0]
	124	6	[0][1][0][0][1]
	125	20	[1][1][0][0][0]
	126	11	[0][1][1][1][0]
	127	9	[0][1][1][0][0]
	128	0	[0][0][0][0][1]
	129	12	[1][0][0][0][0]
	130	9	[0][1][1][0][0]
	131	16	[1][0][1][0][0]
	132	6	[0][1][0][0][1]
	133	21	[1][1][0][1][0]
	134	12	[1][0][0][0][0]
	135	5	[0][1][0][0][0]
	136	21	[1][1][0][1][0]
	137	7	[0][1][0][1][0]
	138	14	[1][0][0][1][0]
	139	7	[0][1][0][1][0]
	140	23	[1][1][1][0][0]
	141	14	[1][0][0][1][0]
	142	7	[0][1][0][1][0]
	143	23	[1][1][1][0][0]
	144	5	[0][1][0][0][0]
	145	7	[0][1][0][1][0]
	146	23	[1][1][1][0][0]
	147	14	[1][0][0][1][0]
	148	9	[0][1][1][0][0]
	149	23	[1][1][1][0][0]
	150	14	[1][0][0][1][0]
	151	5	[0][1][0][0][0]
	152	12	[1][0][0][0][0]
	153	9	[0][1][1][0][0]
	154	18	[1][0][1][1][0]
	155	20	[1][1][0][0][0]
	156	11	[0][1][1][1][0]
	157	16	[1][0][1][0][0]
	158	9	[0][1][1][0][0]
	159	5	[0][1][0][0][0]
	160	12	[1][0][0][0][0]
	161	3	[0][0][1][1][0]
	162	21	[1][1][0][1][0]
	163	16	[1][0][1][0][0]
	164	9	[0][1][1][0][0]
	165	5	[0][1][0][0][0]
	166	0	[0][0][0][0][1]
	167	11	[0][1][1][1][0]
	168	1	[0][0][0][1][0]
	169	20	[1][1][0][0][0]
	170	9	[0][1][1][0][0]
	171	1	[0][0][0][1][0]
	172	23	[1][1][1][0][0]
	173	21	[1][1][0][1][0]
	174	5	[0][1][0][0][0]
	175	0	[0][0][0][0][1]
	176	16	[1][0][1][0][0]
	177	12	[1][0][0][0][0]
	178	11	[0][1][1][1][0]
	179	21	[1][1][0][1][0]
	180	8	[0][1][0][1][1]
	181	12	[1][0][0][0][0]
	182	11	[0][1][1][1][0]
	183	5	[0][1][0][0][0]
	184	16	[1][0][1][0][0]
	185	7	[0][1][0][1][0]
	186	20	[1][1][0][0][0]
	187	5	[0][1][0][0][0]
	188	23	[1][1][1][0][0]
	189	1	[0][0][0][1][0]
	190	20	[1][1][0][0][0]
	191	9	[0][1][1][0][0]
	192	13	[1][0][0][0][1]
	193	21	[1][1][0][1][0]
	194	5	[0][1][0][0][0]
	195	11	[0][1][1][1][0]
	196	18	[1][0][1][1][0]
	197	22	[1][1][0][1][1]
	198	1	[0][0][0][1][0]
	199	7	[0][1][0][1][0]
	200	16	[1][0][1][0][0]
	201	21	[1][1][0][1][0]
	202	5	[0][1][0][0][0]
	203	5	[0][1][0][0][0]
	204	18	[1][0][1][1][0]
	205	23	[1][1][1][0][0]
	206	7	[0][1][0][1][0]
	207	12	[1][0][0][0][0]
	208	20	[1][1][0][0][0]
	209	1	[0][0][0][1][0]
	210	9	[0][1][1][0][0]
	211	16	[1][0][1][0][0]
	212	20	[1][1][0][0][0]
	213	13	[1][0][0][0][1]
	214	7	[0][1][0][1][0]
	215	24	[1][1][1][1][1]
	216	5	[0][1][0][0][0]
	217	1	[0][0][0][1][0]
	218	20	[1][1][0][0][0]
	219	16	[1][0][1][0][0]
	220	5	[0][1][0][0][0]
	221	5	[0][1][0][0][0]
	222	11	[0][1][1][1][0]
	223	20	[1][1][0][0][0]
	224	23	[1][1][1][0][0]
	225	7	[0][1][0][1][0]
	226	12	[1][0][0][0][0]
	227	9	[0][1][1][0][0]
	228	21	[1][1][0][1][0]
	229	5	[0][1][0][0][0]
	230	20	[1][1][0][0][0]
	231	0	[0][0][0][0][1]
	232	23	[1][1][1][0][0]
	233	7	[0][1][0][1][0]
	234	12	[1][0][0][0][0]
	235	20	[1][1][0][0][0]
	236	1	[0][0][0][1][0]
	237	9	[0][1][1][0][0]
	238	16	[1][0][1][0][0]
	239	21	[1][1][0][1][0]
	240	5	[0][1][0][0][0]
	241	11	[0][1][1][1][0]
	242	21	[1][1][0][1][0]
	243	1	[0][0][0][1][0]
	244	22	[1][1][0][1][1]
	245	5	[0][1][0][0][0]
	246	18	[1][0][1][1][0]
	247	5	[0][1][0][0][0]
	248	18	[1][0][1][1][0]
	249	5	[0][1][0][0][0]
	250	18	[1][0][1][1][0]
	251	7	[0][1][0][1][0]
	252	20	[1][1][0][0][0]
	253	23	[1][1][1][0][0]
	254	5	[0][1][0][0][0]
	255	12	[1][0][0][0][0]
	256	7	[0][1][0][1][0]
	257	5	[0][1][0][0][0]
	258	22	[1][1][0][1][1]
	259	16	[1][0][1][0][0]
	260	1	[0][0][0][1][0]
	261	7	[0][1][0][1][0]
	262	23	[1][1][1][0][0]
	263	20	[1][1][0][0][0]
	264	12	[1][0][0][0][0]
	265	7	[0][1][0][1][0]
	266	1	[0][0][0][1][0]
	267	21	[1][1][0][1][0]
	268	5	[0][1][0][0][0]
	269	9	[0][1][1][0][0]
	270	5	[0][1][0][0][0]
	271	12	[1][0][0][0][0]
	272	1	[0][0][0][1][0]
	273	21	[1][1][0][1][0]
	274	23	[1][1][1][0][0]
	275	20	[1][1][0][0][0]
	276	12	[1][0][0][0][0]
	277	7	[0][1][0][1][0]
	278	9	[0][1][1][0][0]
	279	7	[0][1][0][1][0]
	280	16	[1][0][1][0][0]
	281	20	[1][1][0][0][0]
	282	7	[0][1][0][1][0]
	283	23	[1][1][1][0][0]
	284	1	[0][0][0][1][0]
	285	5	[0][1][0][0][0]
	286	21	[1][1][0][1][0]
	287	9	[0][1][1][0][0]
	288	20	[1][1][0][0][0]
	289	1	[0][0][0][1][0]
	290	21	[1][1][0][1][0]
	291	23	[1][1][1][0][0]
	292	1	[0][0][0][1][0]
	293	5	[0][1][0][0][0]
	294	9	[0][1][1][0][0]
	295	9	[0][1][1][0][0]
	296	12	[1][0][0][0][0]
	297	6	[0][1][0][0][1]
	298	21	[1][1][0][1][0]
	299	23	[1][1][1][0][0]
	300	1	[0][0][0][1][0]
	301	5	[0][1][0][0][0]
	302	7	[0][1][0][1][0]
	303	9	[0][1][1][0][0]
	304	12	[1][0][0][0][0]
	305	20	[1][1][0][0][0]
	306	0	[0][0][0][0][1]
	307	23	[1][1][1][0][0]
	308	1	[0][0][0][1][0]
	309	12	[1][0][0][0][0]
	310	5	[0][1][0][0][0]
	311	12	[1][0][0][0][0]
	312	9	[0][1][1][0][0]
	313	9	[0][1][1][0][0]
	314	23	[1][1][1][0][0]
	315	12	[1][0][0][0][0]
	316	5	[0][1][0][0][0]
	317	20	[1][1][0][0][0]
	318	7	[0][1][0][1][0]
	319	21	[1][1][0][1][0]
	320	23	[1][1][1][0][0]
	321	5	[0][1][0][0][0]
	322	7	[0][1][0][1][0]
	323	9	[0][1][1][0][0]
	324	12	[1][0][0][0][0]
	325	6	[0][1][0][0][1]
	326	23	[1][1][1][0][0]
	327	14	[1][0][0][1][0]
	328	7	[0][1][0][1][0]
	329	9	[0][1][1][0][0]
	330	12	[1][0][0][0][0]
	331	2	[0][0][1][0][1]
	332	14	[1][0][0][1][0]
	333	20	[1][1][0][0][0]
	334	7	[0][1][0][1][0]
	335	9	[0][1][1][0][0]
	336	12	[1][0][0][0][0]
	337	20	[1][1][0][0][0]
	338	7	[0][1][0][1][0]
	339	0	[0][0][0][0][1]
	340	20	[1][1][0][0][0]
	341	20	[1][1][0][0][0]
	342	2	[0][0][1][0][1]
	343	11	[0][1][1][1][0]
	344	20	[1][1][0][0][0]
	345	20	[1][1][0][0][0]
	346	3	[0][0][1][1][0]
	347	20	[1][1][0][0][0]
	348	9	[0][1][1][0][0]
	349	14	[1][0][0][1][0]
	350	5	[0][1][0][0][0]
	351	5	[0][1][0][0][0]
	352	17	[1][0][1][0][1]
	353	7	[0][1][0][1][0]
	354	5	[0][1][0][0][0]
	355	2	[0][0][1][0][1]
	356	12	[1][0][0][0][0]
	357	5	[0][1][0][0][0]
	358	21	[1][1][0][1][0]
	359	1	[0][0][0][1][0]
	360	5	[0][1][0][0][0]
	361	21	[1][1][0][1][0]
	362	5	[0][1][0][0][0]
	363	12	[1][0][0][0][0]
	364	7	[0][1][0][1][0]
	365	7	[0][1][0][1][0]
	366	16	[1][0][1][0][0]
	367	23	[1][1][1][0][0]
	368	5	[0][1][0][0][0]
	369	7	[0][1][0][1][0]
	370	12	[1][0][0][0][0]
	371	18	[1][0][1][1][0]
	372	7	[0][1][0][1][0]
	373	7	[0][1][0][1][0]
	374	15	[1][0][0][1][1]
	375	0	[0][0][0][0][1]
	376	20	[1][1][0][0][0]
	377	5	[0][1][0][0][0]
	378	21	[1][1][0][1][0]
	379	5	[0][1][0][0][0]
	380	13	[1][0][0][0][1]
	381	5	[0][1][0][0][0]
	382	20	[1][1][0][0][0]
	383	5	[0][1][0][0][0]
	384	3	[0][0][1][1][0]
	385	5	[0][1][0][0][0]
	386	20	[1][1][0][0][0]
	387	8	[0][1][0][1][1]
	388	18	[1][0][1][1][0]
	389	5	[0][1][0][0][0]
	390	13	[1][0][0][0][1]
	391	5	[0][1][0][0][0]
	392	20	[1][1][0][0][0]
	393	11	[0][1][1][1][0]
	394	18	[1][0][1][1][0]
	395	5	[0][1][0][0][0]
	396	20	[1][1][0][0][0]
	397	16	[1][0][1][0][0]
	398	1	[0][0][0][1][0]
	399	21	[1][1][0][1][0]
	400	12	[1][0][0][0][0]