200 5 20
1 2 1 2 1 
2 3 3 5 5 
0 9 0 0 0 0 1
1 17 0 0 0 1 0
2 2 0 0 1 0 1
3 9 0 0 1 1 0
4 1 0 0 1 1 1
5 51 0 1 0 0 0
6 6 0 1 0 0 1
7 20 0 1 0 1 0
8 5 0 1 0 1 1
9 4 0 1 1 0 1
10 23 1 0 0 0 0
11 4 1 0 0 0 1
12 3 1 0 0 1 1
13 7 1 0 1 0 0
14 1 1 0 1 1 0
15 2 1 1 0 1 1
16 24 1 1 1 0 0
17 2 1 1 1 0 1
18 9 1 1 1 1 0
19 1 1 1 1 1 1

Cantidad de restricciones violadas (solucion Greedy): 81
Tiempo de ejecucion :89.438 milisegundos
Cantidad de restricciones violadas (solucion final): 33
Tiempo de ejecucion :452.041 milisegundos
Cantidad de iteraciones: 31
---------------------------------------
Nro. Auto   Clase	Opciones
---------------------------------------

	1	0	[0][0][0][0][1]
	2	5	[0][1][0][0][0]
	3	1	[0][0][0][1][0]
	4	2	[0][0][1][0][1]
	5	5	[0][1][0][0][0]
	6	16	[1][1][1][0][0]
	7	5	[0][1][0][0][0]
	8	11	[1][0][0][0][1]
	9	6	[0][1][0][0][1]
	10	6	[0][1][0][0][1]
	11	7	[0][1][0][1][0]
	12	7	[0][1][0][1][0]
	13	11	[1][0][0][0][1]
	14	16	[1][1][1][0][0]
	15	10	[1][0][0][0][0]
	16	5	[0][1][0][0][0]
	17	7	[0][1][0][1][0]
	18	12	[1][0][0][1][1]
	19	13	[1][0][1][0][0]
	20	12	[1][0][0][1][1]
	21	16	[1][1][1][0][0]
	22	17	[1][1][1][0][1]
	23	18	[1][1][1][1][0]
	24	5	[0][1][0][0][0]
	25	1	[0][0][0][1][0]
	26	2	[0][0][1][0][1]
	27	5	[0][1][0][0][0]
	28	6	[0][1][0][0][1]
	29	9	[0][1][1][0][1]
	30	12	[1][0][0][1][1]
	31	17	[1][1][1][0][1]
	32	7	[0][1][0][1][0]
	33	5	[0][1][0][0][0]
	34	10	[1][0][0][0][0]
	35	5	[0][1][0][0][0]
	36	13	[1][0][1][0][0]
	37	3	[0][0][1][1][0]
	38	9	[0][1][1][0][1]
	39	0	[0][0][0][0][1]
	40	9	[0][1][1][0][1]
	41	7	[0][1][0][1][0]
	42	13	[1][0][1][0][0]
	43	10	[1][0][0][0][0]
	44	1	[0][0][0][1][0]
	45	5	[0][1][0][0][0]
	46	9	[0][1][1][0][1]
	47	1	[0][0][0][1][0]
	48	10	[1][0][0][0][0]
	49	3	[0][0][1][1][0]
	50	13	[1][0][1][0][0]
	51	0	[0][0][0][0][1]
	52	3	[0][0][1][1][0]
	53	6	[0][1][0][0][1]
	54	18	[1][1][1][1][0]
	55	0	[0][0][0][0][1]
	56	8	[0][1][0][1][1]
	57	16	[1][1][1][0][0]
	58	10	[1][0][0][0][0]
	59	5	[0][1][0][0][0]
	60	4	[0][0][1][1][1]
	61	16	[1][1][1][0][0]
	62	1	[0][0][0][1][0]
	63	13	[1][0][1][0][0]
	64	0	[0][0][0][0][1]
	65	6	[0][1][0][0][1]
	66	1	[0][0][0][1][0]
	67	18	[1][1][1][1][0]
	68	15	[1][1][0][1][1]
	69	10	[1][0][0][0][0]
	70	5	[0][1][0][0][0]
	71	3	[0][0][1][1][0]
	72	0	[0][0][0][0][1]
	73	16	[1][1][1][0][0]
	74	5	[0][1][0][0][0]
	75	10	[1][0][0][0][0]
	76	15	[1][1][0][1][1]
	77	18	[1][1][1][1][0]
	78	1	[0][0][0][1][0]
	79	14	[1][0][1][1][0]
	80	5	[0][1][0][0][0]
	81	16	[1][1][1][0][0]
	82	0	[0][0][0][0][1]
	83	1	[0][0][0][1][0]
	84	5	[0][1][0][0][0]
	85	8	[0][1][0][1][1]
	86	16	[1][1][1][0][0]
	87	10	[1][0][0][0][0]
	88	3	[0][0][1][1][0]
	89	1	[0][0][0][1][0]
	90	10	[1][0][0][0][0]
	91	8	[0][1][0][1][1]
	92	7	[0][1][0][1][0]
	93	0	[0][0][0][0][1]
	94	16	[1][1][1][0][0]
	95	10	[1][0][0][0][0]
	96	7	[0][1][0][1][0]
	97	5	[0][1][0][0][0]
	98	16	[1][1][1][0][0]
	99	1	[0][0][0][1][0]
	100	16	[1][1][1][0][0]
	101	10	[1][0][0][0][0]
	102	7	[0][1][0][1][0]
	103	5	[0][1][0][0][0]
	104	3	[0][0][1][1][0]
	105	5	[0][1][0][0][0]
	106	1	[0][0][0][1][0]
	107	5	[0][1][0][0][0]
	108	5	[0][1][0][0][0]
	109	1	[0][0][0][1][0]
	110	18	[1][1][1][1][0]
	111	16	[1][1][1][0][0]
	112	1	[0][0][0][1][0]
	113	0	[0][0][0][0][1]
	114	10	[1][0][0][0][0]
	115	5	[0][1][0][0][0]
	116	10	[1][0][0][0][0]
	117	7	[0][1][0][1][0]
	118	5	[0][1][0][0][0]
	119	16	[1][1][1][0][0]
	120	1	[0][0][0][1][0]
	121	18	[1][1][1][1][0]
	122	5	[0][1][0][0][0]
	123	1	[0][0][0][1][0]
	124	5	[0][1][0][0][0]
	125	5	[0][1][0][0][0]
	126	5	[0][1][0][0][0]
	127	16	[1][1][1][0][0]
	128	5	[0][1][0][0][0]
	129	5	[0][1][0][0][0]
	130	3	[0][0][1][1][0]
	131	1	[0][0][0][1][0]
	132	6	[0][1][0][0][1]
	133	16	[1][1][1][0][0]
	134	5	[0][1][0][0][0]
	135	16	[1][1][1][0][0]
	136	5	[0][1][0][0][0]
	137	16	[1][1][1][0][0]
	138	5	[0][1][0][0][0]
	139	10	[1][0][0][0][0]
	140	7	[0][1][0][1][0]
	141	10	[1][0][0][0][0]
	142	5	[0][1][0][0][0]
	143	16	[1][1][1][0][0]
	144	16	[1][1][1][0][0]
	145	10	[1][0][0][0][0]
	146	5	[0][1][0][0][0]
	147	3	[0][0][1][1][0]
	148	7	[0][1][0][1][0]
	149	7	[0][1][0][1][0]
	150	10	[1][0][0][0][0]
	151	7	[0][1][0][1][0]
	152	7	[0][1][0][1][0]
	153	16	[1][1][1][0][0]
	154	10	[1][0][0][0][0]
	155	10	[1][0][0][0][0]
	156	8	[0][1][0][1][1]
	157	16	[1][1][1][0][0]
	158	11	[1][0][0][0][1]
	159	16	[1][1][1][0][0]
	160	7	[0][1][0][1][0]
	161	5	[0][1][0][0][0]
	162	16	[1][1][1][0][0]
	163	7	[0][1][0][1][0]
	164	7	[0][1][0][1][0]
	165	7	[0][1][0][1][0]
	166	18	[1][1][1][1][0]
	167	7	[0][1][0][1][0]
	168	10	[1][0][0][0][0]
	169	13	[1][0][1][0][0]
	170	5	[0][1][0][0][0]
	171	16	[1][1][1][0][0]
	172	5	[0][1][0][0][0]
	173	10	[1][0][0][0][0]
	174	5	[0][1][0][0][0]
	175	18	[1][1][1][1][0]
	176	1	[0][0][0][1][0]
	177	5	[0][1][0][0][0]
	178	5	[0][1][0][0][0]
	179	18	[1][1][1][1][0]
	180	5	[0][1][0][0][0]
	181	19	[1][1][1][1][1]
	182	5	[0][1][0][0][0]
	183	7	[0][1][0][1][0]
	184	5	[0][1][0][0][0]
	185	5	[0][1][0][0][0]
	186	10	[1][0][0][0][0]
	187	8	[0][1][0][1][1]
	188	5	[0][1][0][0][0]
	189	5	[0][1][0][0][0]
	190	13	[1][0][1][0][0]
	191	5	[0][1][0][0][0]
	192	5	[0][1][0][0][0]
	193	10	[1][0][0][0][0]
	194	5	[0][1][0][0][0]
	195	5	[0][1][0][0][0]
	196	3	[0][0][1][1][0]
	197	5	[0][1][0][0][0]
	198	5	[0][1][0][0][0]
	199	11	[1][0][0][0][1]
	200	5	[0][1][0][0][0]
