400 5 25
1 2 1 2 1 
2 3 3 5 5 
0 12 0 0 0 0 1
1 26 0 0 0 1 0
2 4 0 0 1 0 1
3 8 0 0 1 1 0
4 1 0 0 1 1 1
5 58 0 1 0 0 0
6 12 0 1 0 0 1
7 33 0 1 0 1 0
8 3 0 1 0 1 1
9 31 0 1 1 0 0
10 3 0 1 1 0 1
11 14 0 1 1 1 0
12 34 1 0 0 0 0
13 11 1 0 0 0 1
14 12 1 0 0 1 0
15 2 1 0 0 1 1
16 20 1 0 1 0 0
17 1 1 0 1 0 1
18 10 1 0 1 1 0
19 2 1 0 1 1 1
20 44 1 1 0 0 0
21 28 1 1 0 1 0
22 4 1 1 0 1 1
23 26 1 1 1 0 0
24 1 1 1 1 1 1

Cantidad de restricciones violadas (solucion Greedy): 158
Tiempo de ejecucion :516.157 milisegundos
Cantidad de restricciones violadas (solucion final): 59
Tiempo de ejecucion :3602.72 milisegundos
Cantidad de iteraciones: 67
---------------------------------------
Nro. Auto   Clase	Opciones
---------------------------------------

	1	20	[1][1][0][0][0]
	2	1	[0][0][0][1][0]
	3	1	[0][0][0][1][0]
	4	2	[0][0][1][0][1]
	5	20	[1][1][0][0][0]
	6	6	[0][1][0][0][1]
	7	12	[1][0][0][0][0]
	8	2	[0][0][1][0][1]
	9	6	[0][1][0][0][1]
	10	5	[0][1][0][0][0]
	11	7	[0][1][0][1][0]
	12	12	[1][0][0][0][0]
	13	13	[1][0][0][0][1]
	14	14	[1][0][0][1][0]
	15	10	[0][1][1][0][1]
	16	11	[0][1][1][1][0]
	17	7	[0][1][0][1][0]
	18	20	[1][1][0][0][0]
	19	12	[1][0][0][0][0]
	20	9	[0][1][1][0][0]
	21	20	[1][1][0][0][0]
	22	1	[0][0][0][1][0]
	23	9	[0][1][1][0][0]
	24	15	[1][0][0][1][1]
	25	16	[1][0][1][0][0]
	26	5	[0][1][0][0][0]
	27	19	[1][0][1][1][1]
	28	7	[0][1][0][1][0]
	29	23	[1][1][1][0][0]
	30	0	[0][0][0][0][1]
	31	20	[1][1][0][0][0]
	32	3	[0][0][1][1][0]
	33	12	[1][0][0][0][0]
	34	7	[0][1][0][1][0]
	35	9	[0][1][1][0][0]
	36	11	[0][1][1][1][0]
	37	13	[1][0][0][0][1]
	38	16	[1][0][1][0][0]
	39	7	[0][1][0][1][0]
	40	22	[1][1][0][1][1]
	41	16	[1][0][1][0][0]
	42	5	[0][1][0][0][0]
	43	1	[0][0][0][1][0]
	44	9	[0][1][1][0][0]
	45	12	[1][0][0][0][0]
	46	11	[0][1][1][1][0]
	47	21	[1][1][0][1][0]
	48	5	[0][1][0][0][0]
	49	13	[1][0][0][0][1]
	50	2	[0][0][1][0][1]
	51	6	[0][1][0][0][1]
	52	10	[0][1][1][0][1]
	53	14	[1][0][0][1][0]
	54	21	[1][1][0][1][0]
	55	1	[0][0][0][1][0]
	56	5	[0][1][0][0][0]
	57	9	[0][1][1][0][0]
	58	13	[1][0][0][0][1]
	59	20	[1][1][0][0][0]
	60	0	[0][0][0][0][1]
	61	20	[1][1][0][0][0]
	62	7	[0][1][0][1][0]
	63	9	[0][1][1][0][0]
	64	10	[0][1][1][0][1]
	65	13	[1][0][0][0][1]
	66	22	[1][1][0][1][1]
	67	5	[0][1][0][0][0]
	68	21	[1][1][0][1][0]
	69	13	[1][0][0][0][1]
	70	5	[0][1][0][0][0]
	71	23	[1][1][1][0][0]
	72	6	[0][1][0][0][1]
	73	0	[0][0][0][0][1]
	74	22	[1][1][0][1][1]
	75	6	[0][1][0][0][1]
	76	14	[1][0][0][1][0]
	77	5	[0][1][0][0][0]
	78	9	[0][1][1][0][0]
	79	14	[1][0][0][1][0]
	80	21	[1][1][0][1][0]
	81	6	[0][1][0][0][1]
	82	14	[1][0][0][1][0]
	83	1	[0][0][0][1][0]
	84	18	[1][0][1][1][0]
	85	5	[0][1][0][0][0]
	86	5	[0][1][0][0][0]
	87	14	[1][0][0][1][0]
	88	3	[0][0][1][1][0]
	89	13	[1][0][0][0][1]
	90	1	[0][0][0][1][0]
	91	12	[1][0][0][0][0]
	92	0	[0][0][0][0][1]
	93	11	[0][1][1][1][0]
	94	16	[1][0][1][0][0]
	95	5	[0][1][0][0][0]
	96	20	[1][1][0][0][0]
	97	12	[1][0][0][0][0]
	98	0	[0][0][0][0][1]
	99	11	[0][1][1][1][0]
	100	23	[1][1][1][0][0]
	101	9	[0][1][1][0][0]
	102	12	[1][0][0][0][0]
	103	21	[1][1][0][1][0]
	104	9	[0][1][1][0][0]
	105	21	[1][1][0][1][0]
	106	5	[0][1][0][0][0]
	107	20	[1][1][0][0][0]
	108	7	[0][1][0][1][0]
	109	13	[1][0][0][0][1]
	110	20	[1][1][0][0][0]
	111	7	[0][1][0][1][0]
	112	18	[1][0][1][1][0]
	113	6	[0][1][0][0][1]
	114	16	[1][0][1][0][0]
	115	21	[1][1][0][1][0]
	116	6	[0][1][0][0][1]
	117	16	[1][0][1][0][0]
	118	5	[0][1][0][0][0]
	119	14	[1][0][0][1][0]
	120	5	[0][1][0][0][0]
	121	7	[0][1][0][1][0]
	122	16	[1][0][1][0][0]
	123	20	[1][1][0][0][0]
	124	6	[0][1][0][0][1]
	125	20	[1][1][0][0][0]
	126	11	[0][1][1][1][0]
	127	15	[1][0][0][1][1]
	128	5	[0][1][0][0][0]
	129	12	[1][0][0][0][0]
	130	5	[0][1][0][0][0]
	131	16	[1][0][1][0][0]
	132	6	[0][1][0][0][1]
	133	7	[0][1][0][1][0]
	134	12	[1][0][0][0][0]
	135	5	[0][1][0][0][0]
	136	21	[1][1][0][1][0]
	137	3	[0][0][1][1][0]
	138	7	[0][1][0][1][0]
	139	7	[0][1][0][1][0]
	140	23	[1][1][1][0][0]
	141	14	[1][0][0][1][0]
	142	5	[0][1][0][0][0]
	143	23	[1][1][1][0][0]
	144	14	[1][0][0][1][0]
	145	7	[0][1][0][1][0]
	146	23	[1][1][1][0][0]
	147	14	[1][0][0][1][0]
	148	7	[0][1][0][1][0]
	149	23	[1][1][1][0][0]
	150	14	[1][0][0][1][0]
	151	8	[0][1][0][1][1]
	152	12	[1][0][0][0][0]
	153	9	[0][1][1][0][0]
	154	20	[1][1][0][0][0]
	155	20	[1][1][0][0][0]
	156	11	[0][1][1][1][0]
	157	16	[1][0][1][0][0]
	158	9	[0][1][1][0][0]
	159	16	[1][0][1][0][0]
	160	0	[0][0][0][0][1]
	161	7	[0][1][0][1][0]
	162	21	[1][1][0][1][0]
	163	16	[1][0][1][0][0]
	164	9	[0][1][1][0][0]
	165	5	[0][1][0][0][0]
	166	0	[0][0][0][0][1]
	167	23	[1][1][1][0][0]
	168	1	[0][0][0][1][0]
	169	3	[0][0][1][1][0]
	170	9	[0][1][1][0][0]
	171	1	[0][0][0][1][0]
	172	23	[1][1][1][0][0]
	173	21	[1][1][0][1][0]
	174	6	[0][1][0][0][1]
	175	0	[0][0][0][0][1]
	176	16	[1][0][1][0][0]
	177	12	[1][0][0][0][0]
	178	5	[0][1][0][0][0]
	179	9	[0][1][1][0][0]
	180	8	[0][1][0][1][1]
	181	12	[1][0][0][0][0]
	182	11	[0][1][1][1][0]
	183	1	[0][0][0][1][0]
	184	16	[1][0][1][0][0]
	185	2	[0][0][1][0][1]
	186	20	[1][1][0][0][0]
	187	9	[0][1][1][0][0]
	188	20	[1][1][0][0][0]
	189	21	[1][1][0][1][0]
	190	3	[0][0][1][1][0]
	191	9	[0][1][1][0][0]
	192	16	[1][0][1][0][0]
	193	21	[1][1][0][1][0]
	194	5	[0][1][0][0][0]
	195	11	[0][1][1][1][0]
	196	12	[1][0][0][0][0]
	197	23	[1][1][1][0][0]
	198	1	[0][0][0][1][0]
	199	5	[0][1][0][0][0]
	200	16	[1][0][1][0][0]
	201	20	[1][1][0][0][0]
	202	5	[0][1][0][0][0]
	203	11	[0][1][1][1][0]
	204	18	[1][0][1][1][0]
	205	23	[1][1][1][0][0]
	206	7	[0][1][0][1][0]
	207	12	[1][0][0][0][0]
	208	20	[1][1][0][0][0]
	209	6	[0][1][0][0][1]
	210	9	[0][1][1][0][0]
	211	0	[0][0][0][0][1]
	212	20	[1][1][0][0][0]
	213	23	[1][1][1][0][0]
	214	7	[0][1][0][1][0]
	215	12	[1][0][0][0][0]
	216	0	[0][0][0][0][1]
	217	1	[0][0][0][1][0]
	218	21	[1][1][0][1][0]
	219	16	[1][0][1][0][0]
	220	21	[1][1][0][1][0]
	221	13	[1][0][0][0][1]
	222	11	[0][1][1][1][0]
	223	5	[0][1][0][0][0]
	224	23	[1][1][1][0][0]
	225	7	[0][1][0][1][0]
	226	12	[1][0][0][0][0]
	227	12	[1][0][0][0][0]
	228	21	[1][1][0][1][0]
	229	5	[0][1][0][0][0]
	230	16	[1][0][1][0][0]
	231	5	[0][1][0][0][0]
	232	23	[1][1][1][0][0]
	233	7	[0][1][0][1][0]
	234	12	[1][0][0][0][0]
	235	20	[1][1][0][0][0]
	236	1	[0][0][0][1][0]
	237	9	[0][1][1][0][0]
	238	16	[1][0][1][0][0]
	239	21	[1][1][0][1][0]
	240	5	[0][1][0][0][0]
	241	11	[0][1][1][1][0]
	242	21	[1][1][0][1][0]
	243	1	[0][0][0][1][0]
	244	13	[1][0][0][0][1]
	245	5	[0][1][0][0][0]
	246	18	[1][0][1][1][0]
	247	5	[0][1][0][0][0]
	248	18	[1][0][1][1][0]
	249	5	[0][1][0][0][0]
	250	18	[1][0][1][1][0]
	251	9	[0][1][1][0][0]
	252	11	[0][1][1][1][0]
	253	23	[1][1][1][0][0]
	254	20	[1][1][0][0][0]
	255	20	[1][1][0][0][0]
	256	13	[1][0][0][0][1]
	257	1	[0][0][0][1][0]
	258	21	[1][1][0][1][0]
	259	5	[0][1][0][0][0]
	260	9	[0][1][1][0][0]
	261	5	[0][1][0][0][0]
	262	23	[1][1][1][0][0]
	263	20	[1][1][0][0][0]
	264	12	[1][0][0][0][0]
	265	7	[0][1][0][1][0]
	266	1	[0][0][0][1][0]
	267	21	[1][1][0][1][0]
	268	7	[0][1][0][1][0]
	269	9	[0][1][1][0][0]
	270	5	[0][1][0][0][0]
	271	12	[1][0][0][0][0]
	272	1	[0][0][0][1][0]
	273	21	[1][1][0][1][0]
	274	5	[0][1][0][0][0]
	275	20	[1][1][0][0][0]
	276	12	[1][0][0][0][0]
	277	7	[0][1][0][1][0]
	278	12	[1][0][0][0][0]
	279	21	[1][1][0][1][0]
	280	0	[0][0][0][0][1]
	281	20	[1][1][0][0][0]
	282	21	[1][1][0][1][0]
	283	23	[1][1][1][0][0]
	284	1	[0][0][0][1][0]
	285	5	[0][1][0][0][0]
	286	7	[0][1][0][1][0]
	287	9	[0][1][1][0][0]
	288	20	[1][1][0][0][0]
	289	1	[0][0][0][1][0]
	290	21	[1][1][0][1][0]
	291	23	[1][1][1][0][0]
	292	1	[0][0][0][1][0]
	293	17	[1][0][1][0][1]
	294	5	[0][1][0][0][0]
	295	9	[0][1][1][0][0]
	296	12	[1][0][0][0][0]
	297	20	[1][1][0][0][0]
	298	21	[1][1][0][1][0]
	299	23	[1][1][1][0][0]
	300	1	[0][0][0][1][0]
	301	5	[0][1][0][0][0]
	302	7	[0][1][0][1][0]
	303	9	[0][1][1][0][0]
	304	12	[1][0][0][0][0]
	305	9	[0][1][1][0][0]
	306	12	[1][0][0][0][0]
	307	23	[1][1][1][0][0]
	308	1	[0][0][0][1][0]
	309	21	[1][1][0][1][0]
	310	5	[0][1][0][0][0]
	311	1	[0][0][0][1][0]
	312	20	[1][1][0][0][0]
	313	5	[0][1][0][0][0]
	314	23	[1][1][1][0][0]
	315	12	[1][0][0][0][0]
	316	5	[0][1][0][0][0]
	317	1	[0][0][0][1][0]
	318	7	[0][1][0][1][0]
	319	5	[0][1][0][0][0]
	320	23	[1][1][1][0][0]
	321	12	[1][0][0][0][0]
	322	7	[0][1][0][1][0]
	323	9	[0][1][1][0][0]
	324	12	[1][0][0][0][0]
	325	20	[1][1][0][0][0]
	326	23	[1][1][1][0][0]
	327	5	[0][1][0][0][0]
	328	14	[1][0][0][1][0]
	329	9	[0][1][1][0][0]
	330	12	[1][0][0][0][0]
	331	20	[1][1][0][0][0]
	332	23	[1][1][1][0][0]
	333	12	[1][0][0][0][0]
	334	7	[0][1][0][1][0]
	335	9	[0][1][1][0][0]
	336	12	[1][0][0][0][0]
	337	8	[0][1][0][1][1]
	338	23	[1][1][1][0][0]
	339	20	[1][1][0][0][0]
	340	4	[0][0][1][1][1]
	341	5	[0][1][0][0][0]
	342	20	[1][1][0][0][0]
	343	20	[1][1][0][0][0]
	344	7	[0][1][0][1][0]
	345	20	[1][1][0][0][0]
	346	21	[1][1][0][1][0]
	347	20	[1][1][0][0][0]
	348	9	[0][1][1][0][0]
	349	1	[0][0][0][1][0]
	350	5	[0][1][0][0][0]
	351	18	[1][0][1][1][0]
	352	5	[0][1][0][0][0]
	353	3	[0][0][1][1][0]
	354	5	[0][1][0][0][0]
	355	5	[0][1][0][0][0]
	356	18	[1][0][1][1][0]
	357	5	[0][1][0][0][0]
	358	24	[1][1][1][1][1]
	359	20	[1][1][0][0][0]
	360	0	[0][0][0][0][1]
	361	5	[0][1][0][0][0]
	362	20	[1][1][0][0][0]
	363	12	[1][0][0][0][0]
	364	7	[0][1][0][1][0]
	365	1	[0][0][0][1][0]
	366	11	[0][1][1][1][0]
	367	7	[0][1][0][1][0]
	368	21	[1][1][0][1][0]
	369	16	[1][0][1][0][0]
	370	7	[0][1][0][1][0]
	371	19	[1][0][1][1][1]
	372	7	[0][1][0][1][0]
	373	21	[1][1][0][1][0]
	374	9	[0][1][1][0][0]
	375	12	[1][0][0][0][0]
	376	23	[1][1][1][0][0]
	377	5	[0][1][0][0][0]
	378	20	[1][1][0][0][0]
	379	5	[0][1][0][0][0]
	380	20	[1][1][0][0][0]
	381	5	[0][1][0][0][0]
	382	20	[1][1][0][0][0]
	383	5	[0][1][0][0][0]
	384	20	[1][1][0][0][0]
	385	5	[0][1][0][0][0]
	386	18	[1][0][1][1][0]
	387	7	[0][1][0][1][0]
	388	20	[1][1][0][0][0]
	389	9	[0][1][1][0][0]
	390	20	[1][1][0][0][0]
	391	3	[0][0][1][1][0]
	392	16	[1][0][1][0][0]
	393	3	[0][0][1][1][0]
	394	5	[0][1][0][0][0]
	395	18	[1][0][1][1][0]
	396	5	[0][1][0][0][0]
	397	5	[0][1][0][0][0]
	398	22	[1][1][0][1][1]
	399	20	[1][1][0][0][0]
	400	5	[0][1][0][0][0]