400 5 24
1 2 1 2 1 
2 3 3 5 5 
0 10 0 0 0 0 1
1 34 0 0 0 1 0
2 19 0 0 1 0 0
3 3 0 0 1 0 1
4 20 0 0 1 1 0
5 72 0 1 0 0 0
6 14 0 1 0 0 1
7 11 0 1 0 1 1
8 33 0 1 1 0 0
9 6 0 1 1 0 1
10 7 0 1 1 1 0
11 4 0 1 1 1 1
12 5 1 0 0 0 1
13 23 1 0 0 1 0
14 4 1 0 0 1 1
15 14 1 0 1 0 0
16 8 1 0 1 1 0
17 1 1 0 1 1 1
18 58 1 1 0 0 0
19 11 1 1 0 0 1
20 32 1 1 0 1 0
21 4 1 1 0 1 1
22 4 1 1 1 0 1
23 3 1 1 1 1 1

Cantidad de restricciones violadas (solucion Greedy): 174
Tiempo de ejecucion :470.992 milisegundos
Cantidad de restricciones violadas (solucion final): 48
Tiempo de ejecucion :4223.05 milisegundos
Cantidad de iteraciones: 81
---------------------------------------
Nro. Auto   Clase	Opciones
---------------------------------------

	1	0	[0][0][0][0][1]
	2	8	[0][1][1][0][0]
	3	18	[1][1][0][0][0]
	4	2	[0][0][1][0][0]
	5	18	[1][1][0][0][0]
	6	5	[0][1][0][0][0]
	7	2	[0][0][1][0][0]
	8	1	[0][0][0][1][0]
	9	6	[0][1][0][0][1]
	10	12	[1][0][0][0][1]
	11	18	[1][1][0][0][0]
	12	1	[0][0][0][1][0]
	13	5	[0][1][0][0][0]
	14	10	[0][1][1][1][0]
	15	12	[1][0][0][0][1]
	16	5	[0][1][0][0][0]
	17	1	[0][0][0][1][0]
	18	2	[0][0][1][0][0]
	19	4	[0][0][1][1][0]
	20	20	[1][1][0][1][0]
	21	18	[1][1][0][0][0]
	22	0	[0][0][0][0][1]
	23	1	[0][0][0][1][0]
	24	18	[1][1][0][0][0]
	25	18	[1][1][0][0][0]
	26	15	[1][0][1][0][0]
	27	5	[0][1][0][0][0]
	28	23	[1][1][1][1][1]
	29	4	[0][0][1][1][0]
	30	23	[1][1][1][1][1]
	31	2	[0][0][1][0][0]
	32	21	[1][1][0][1][1]
	33	0	[0][0][0][0][1]
	34	22	[1][1][1][0][1]
	35	22	[1][1][1][0][1]
	36	23	[1][1][1][1][1]
	37	0	[0][0][0][0][1]
	38	20	[1][1][0][1][0]
	39	5	[0][1][0][0][0]
	40	12	[1][0][0][0][1]
	41	13	[1][0][0][1][0]
	42	5	[0][1][0][0][0]
	43	6	[0][1][0][0][1]
	44	7	[0][1][0][1][1]
	45	8	[0][1][1][0][0]
	46	12	[1][0][0][0][1]
	47	15	[1][0][1][0][0]
	48	11	[0][1][1][1][1]
	49	14	[1][0][0][1][1]
	50	18	[1][1][0][0][0]
	51	8	[0][1][1][0][0]
	52	2	[0][0][1][0][0]
	53	21	[1][1][0][1][1]
	54	5	[0][1][0][0][0]
	55	4	[0][0][1][1][0]
	56	5	[0][1][0][0][0]
	57	5	[0][1][0][0][0]
	58	13	[1][0][0][1][0]
	59	0	[0][0][0][0][1]
	60	14	[1][0][0][1][1]
	61	18	[1][1][0][0][0]
	62	1	[0][0][0][1][0]
	63	15	[1][0][1][0][0]
	64	5	[0][1][0][0][0]
	65	8	[0][1][1][0][0]
	66	18	[1][1][0][0][0]
	67	1	[0][0][0][1][0]
	68	15	[1][0][1][0][0]
	69	19	[1][1][0][0][1]
	70	1	[0][0][0][1][0]
	71	13	[1][0][0][1][0]
	72	1	[0][0][0][1][0]
	73	4	[0][0][1][1][0]
	74	7	[0][1][0][1][1]
	75	19	[1][1][0][0][1]
	76	11	[0][1][1][1][1]
	77	5	[0][1][0][0][0]
	78	19	[1][1][0][0][1]
	79	22	[1][1][1][0][1]
	80	0	[0][0][0][0][1]
	81	20	[1][1][0][1][0]
	82	5	[0][1][0][0][0]
	83	9	[0][1][1][0][1]
	84	14	[1][0][0][1][1]
	85	20	[1][1][0][1][0]
	86	3	[0][0][1][0][1]
	87	5	[0][1][0][0][0]
	88	18	[1][1][0][0][0]
	89	20	[1][1][0][1][0]
	90	4	[0][0][1][1][0]
	91	10	[0][1][1][1][0]
	92	19	[1][1][0][0][1]
	93	4	[0][0][1][1][0]
	94	10	[0][1][1][1][0]
	95	13	[1][0][0][1][0]
	96	5	[0][1][0][0][0]
	97	5	[0][1][0][0][0]
	98	11	[0][1][1][1][1]
	99	5	[0][1][0][0][0]
	100	16	[1][0][1][1][0]
	101	0	[0][0][0][0][1]
	102	20	[1][1][0][1][0]
	103	5	[0][1][0][0][0]
	104	18	[1][1][0][0][0]
	105	20	[1][1][0][1][0]
	106	1	[0][0][0][1][0]
	107	9	[0][1][1][0][1]
	108	18	[1][1][0][0][0]
	109	0	[0][0][0][0][1]
	110	18	[1][1][0][0][0]
	111	2	[0][0][1][0][0]
	112	7	[0][1][0][1][1]
	113	16	[1][0][1][1][0]
	114	5	[0][1][0][0][0]
	115	13	[1][0][0][1][0]
	116	18	[1][1][0][0][0]
	117	10	[0][1][1][1][0]
	118	1	[0][0][0][1][0]
	119	20	[1][1][0][1][0]
	120	8	[0][1][1][0][0]
	121	16	[1][0][1][1][0]
	122	6	[0][1][0][0][1]
	123	20	[1][1][0][1][0]
	124	5	[0][1][0][0][0]
	125	1	[0][0][0][1][0]
	126	16	[1][0][1][1][0]
	127	20	[1][1][0][1][0]
	128	7	[0][1][0][1][1]
	129	13	[1][0][0][1][0]
	130	5	[0][1][0][0][0]
	131	2	[0][0][1][0][0]
	132	18	[1][1][0][0][0]
	133	6	[0][1][0][0][1]
	134	20	[1][1][0][1][0]
	135	4	[0][0][1][1][0]
	136	13	[1][0][0][1][0]
	137	15	[1][0][1][0][0]
	138	5	[0][1][0][0][0]
	139	19	[1][1][0][0][1]
	140	8	[0][1][1][0][0]
	141	3	[0][0][1][0][1]
	142	20	[1][1][0][1][0]
	143	5	[0][1][0][0][0]
	144	18	[1][1][0][0][0]
	145	14	[1][0][0][1][1]
	146	8	[0][1][1][0][0]
	147	1	[0][0][0][1][0]
	148	15	[1][0][1][0][0]
	149	5	[0][1][0][0][0]
	150	19	[1][1][0][0][1]
	151	1	[0][0][0][1][0]
	152	20	[1][1][0][1][0]
	153	15	[1][0][1][0][0]
	154	5	[0][1][0][0][0]
	155	7	[0][1][0][1][1]
	156	15	[1][0][1][0][0]
	157	9	[0][1][1][0][1]
	158	13	[1][0][0][1][0]
	159	5	[0][1][0][0][0]
	160	18	[1][1][0][0][0]
	161	1	[0][0][0][1][0]
	162	8	[0][1][1][0][0]
	163	18	[1][1][0][0][0]
	164	7	[0][1][0][1][1]
	165	16	[1][0][1][1][0]
	166	6	[0][1][0][0][1]
	167	20	[1][1][0][1][0]
	168	9	[0][1][1][0][1]
	169	3	[0][0][1][0][1]
	170	20	[1][1][0][1][0]
	171	15	[1][0][1][0][0]
	172	6	[0][1][0][0][1]
	173	1	[0][0][0][1][0]
	174	18	[1][1][0][0][0]
	175	18	[1][1][0][0][0]
	176	13	[1][0][0][1][0]
	177	5	[0][1][0][0][0]
	178	21	[1][1][0][1][1]
	179	18	[1][1][0][0][0]
	180	15	[1][0][1][0][0]
	181	18	[1][1][0][0][0]
	182	6	[0][1][0][0][1]
	183	18	[1][1][0][0][0]
	184	2	[0][0][1][0][0]
	185	5	[0][1][0][0][0]
	186	20	[1][1][0][1][0]
	187	4	[0][0][1][1][0]
	188	15	[1][0][1][0][0]
	189	8	[0][1][1][0][0]
	190	6	[0][1][0][0][1]
	191	18	[1][1][0][0][0]
	192	4	[0][0][1][1][0]
	193	2	[0][0][1][0][0]
	194	20	[1][1][0][1][0]
	195	18	[1][1][0][0][0]
	196	8	[0][1][1][0][0]
	197	5	[0][1][0][0][0]
	198	7	[0][1][0][1][1]
	199	4	[0][0][1][1][0]
	200	1	[0][0][0][1][0]
	201	19	[1][1][0][0][1]
	202	5	[0][1][0][0][0]
	203	5	[0][1][0][0][0]
	204	10	[0][1][1][1][0]
	205	1	[0][0][0][1][0]
	206	4	[0][0][1][1][0]
	207	6	[0][1][0][0][1]
	208	18	[1][1][0][0][0]
	209	18	[1][1][0][0][0]
	210	8	[0][1][1][0][0]
	211	2	[0][0][1][0][0]
	212	5	[0][1][0][0][0]
	213	7	[0][1][0][1][1]
	214	13	[1][0][0][1][0]
	215	19	[1][1][0][0][1]
	216	2	[0][0][1][0][0]
	217	4	[0][0][1][1][0]
	218	5	[0][1][0][0][0]
	219	1	[0][0][0][1][0]
	220	18	[1][1][0][0][0]
	221	19	[1][1][0][0][1]
	222	4	[0][0][1][1][0]
	223	8	[0][1][1][0][0]
	224	1	[0][0][0][1][0]
	225	6	[0][1][0][0][1]
	226	18	[1][1][0][0][0]
	227	4	[0][0][1][1][0]
	228	18	[1][1][0][0][0]
	229	20	[1][1][0][1][0]
	230	2	[0][0][1][0][0]
	231	7	[0][1][0][1][1]
	232	20	[1][1][0][1][0]
	233	5	[0][1][0][0][0]
	234	15	[1][0][1][0][0]
	235	22	[1][1][1][0][1]
	236	8	[0][1][1][0][0]
	237	2	[0][0][1][0][0]
	238	18	[1][1][0][0][0]
	239	20	[1][1][0][1][0]
	240	2	[0][0][1][0][0]
	241	18	[1][1][0][0][0]
	242	6	[0][1][0][0][1]
	243	5	[0][1][0][0][0]
	244	4	[0][0][1][1][0]
	245	18	[1][1][0][0][0]
	246	1	[0][0][0][1][0]
	247	5	[0][1][0][0][0]
	248	5	[0][1][0][0][0]
	249	1	[0][0][0][1][0]
	250	18	[1][1][0][0][0]
	251	13	[1][0][0][1][0]
	252	11	[0][1][1][1][1]
	253	8	[0][1][1][0][0]
	254	18	[1][1][0][0][0]
	255	5	[0][1][0][0][0]
	256	13	[1][0][0][1][0]
	257	9	[0][1][1][0][1]
	258	18	[1][1][0][0][0]
	259	1	[0][0][0][1][0]
	260	5	[0][1][0][0][0]
	261	18	[1][1][0][0][0]
	262	2	[0][0][1][0][0]
	263	13	[1][0][0][1][0]
	264	1	[0][0][0][1][0]
	265	8	[0][1][1][0][0]
	266	13	[1][0][0][1][0]
	267	5	[0][1][0][0][0]
	268	8	[0][1][1][0][0]
	269	1	[0][0][0][1][0]
	270	5	[0][1][0][0][0]
	271	18	[1][1][0][0][0]
	272	2	[0][0][1][0][0]
	273	13	[1][0][0][1][0]
	274	7	[0][1][0][1][1]
	275	2	[0][0][1][0][0]
	276	13	[1][0][0][1][0]
	277	8	[0][1][1][0][0]
	278	13	[1][0][0][1][0]
	279	5	[0][1][0][0][0]
	280	18	[1][1][0][0][0]
	281	18	[1][1][0][0][0]
	282	5	[0][1][0][0][0]
	283	1	[0][0][0][1][0]
	284	19	[1][1][0][0][1]
	285	7	[0][1][0][1][1]
	286	16	[1][0][1][1][0]
	287	18	[1][1][0][0][0]
	288	5	[0][1][0][0][0]
	289	2	[0][0][1][0][0]
	290	5	[0][1][0][0][0]
	291	5	[0][1][0][0][0]
	292	20	[1][1][0][1][0]
	293	20	[1][1][0][1][0]
	294	5	[0][1][0][0][0]
	295	8	[0][1][1][0][0]
	296	19	[1][1][0][0][1]
	297	1	[0][0][0][1][0]
	298	20	[1][1][0][1][0]
	299	18	[1][1][0][0][0]
	300	8	[0][1][1][0][0]
	301	5	[0][1][0][0][0]
	302	1	[0][0][0][1][0]
	303	21	[1][1][0][1][1]
	304	18	[1][1][0][0][0]
	305	8	[0][1][1][0][0]
	306	5	[0][1][0][0][0]
	307	1	[0][0][0][1][0]
	308	20	[1][1][0][1][0]
	309	8	[0][1][1][0][0]
	310	20	[1][1][0][1][0]
	311	8	[0][1][1][0][0]
	312	5	[0][1][0][0][0]
	313	1	[0][0][0][1][0]
	314	6	[0][1][0][0][1]
	315	8	[0][1][1][0][0]
	316	8	[0][1][1][0][0]
	317	5	[0][1][0][0][0]
	318	1	[0][0][0][1][0]
	319	5	[0][1][0][0][0]
	320	18	[1][1][0][0][0]
	321	16	[1][0][1][1][0]
	322	5	[0][1][0][0][0]
	323	5	[0][1][0][0][0]
	324	4	[0][0][1][1][0]
	325	20	[1][1][0][1][0]
	326	5	[0][1][0][0][0]
	327	18	[1][1][0][0][0]
	328	5	[0][1][0][0][0]
	329	4	[0][0][1][1][0]
	330	5	[0][1][0][0][0]
	331	4	[0][0][1][1][0]
	332	13	[1][0][0][1][0]
	333	5	[0][1][0][0][0]
	334	5	[0][1][0][0][0]
	335	5	[0][1][0][0][0]
	336	9	[0][1][1][0][1]
	337	13	[1][0][0][1][0]
	338	5	[0][1][0][0][0]
	339	1	[0][0][0][1][0]
	340	5	[0][1][0][0][0]
	341	0	[0][0][0][0][1]
	342	18	[1][1][0][0][0]
	343	5	[0][1][0][0][0]
	344	18	[1][1][0][0][0]
	345	1	[0][0][0][1][0]
	346	20	[1][1][0][1][0]
	347	10	[0][1][1][1][0]
	348	20	[1][1][0][1][0]
	349	6	[0][1][0][0][1]
	350	20	[1][1][0][1][0]
	351	6	[0][1][0][0][1]
	352	20	[1][1][0][1][0]
	353	20	[1][1][0][1][0]
	354	4	[0][0][1][1][0]
	355	18	[1][1][0][0][0]
	356	8	[0][1][1][0][0]
	357	13	[1][0][0][1][0]
	358	10	[0][1][1][1][0]
	359	18	[1][1][0][0][0]
	360	18	[1][1][0][0][0]
	361	1	[0][0][0][1][0]
	362	13	[1][0][0][1][0]
	363	8	[0][1][1][0][0]
	364	18	[1][1][0][0][0]
	365	8	[0][1][1][0][0]
	366	12	[1][0][0][0][1]
	367	5	[0][1][0][0][0]
	368	5	[0][1][0][0][0]
	369	18	[1][1][0][0][0]
	370	5	[0][1][0][0][0]
	371	4	[0][0][1][1][0]
	372	18	[1][1][0][0][0]
	373	8	[0][1][1][0][0]
	374	8	[0][1][1][0][0]
	375	8	[0][1][1][0][0]
	376	17	[1][0][1][1][1]
	377	20	[1][1][0][1][0]
	378	15	[1][0][1][0][0]
	379	5	[0][1][0][0][0]
	380	0	[0][0][0][0][1]
	381	5	[0][1][0][0][0]
	382	18	[1][1][0][0][0]
	383	15	[1][0][1][0][0]
	384	5	[0][1][0][0][0]
	385	5	[0][1][0][0][0]
	386	13	[1][0][0][1][0]
	387	18	[1][1][0][0][0]
	388	5	[0][1][0][0][0]
	389	5	[0][1][0][0][0]
	390	8	[0][1][1][0][0]
	391	16	[1][0][1][1][0]
	392	5	[0][1][0][0][0]
	393	18	[1][1][0][0][0]
	394	1	[0][0][0][1][0]
	395	18	[1][1][0][0][0]
	396	2	[0][0][1][0][0]
	397	8	[0][1][1][0][0]
	398	18	[1][1][0][0][0]
	399	13	[1][0][0][1][0]
	400	8	[0][1][1][0][0]