400 5 24
1 2 1 2 1 
2 3 3 5 5 
0 10 0 0 0 0 1
1 34 0 0 0 1 0
2 19 0 0 1 0 0
3 3 0 0 1 0 1
4 20 0 0 1 1 0
5 72 0 1 0 0 0
6 14 0 1 0 0 1
7 11 0 1 0 1 1
8 33 0 1 1 0 0
9 6 0 1 1 0 1
10 7 0 1 1 1 0
11 4 0 1 1 1 1
12 5 1 0 0 0 1
13 23 1 0 0 1 0
14 4 1 0 0 1 1
15 14 1 0 1 0 0
16 8 1 0 1 1 0
17 1 1 0 1 1 1
18 58 1 1 0 0 0
19 11 1 1 0 0 1
20 32 1 1 0 1 0
21 4 1 1 0 1 1
22 4 1 1 1 0 1
23 3 1 1 1 1 1

Cantidad de restricciones violadas (solucion Greedy): 174
Tiempo de ejecucion :467.885 milisegundos
Cantidad de restricciones violadas (solucion final): 60
Tiempo de ejecucion :3816.23 milisegundos
Cantidad de iteraciones: 72
---------------------------------------
Nro. Auto   Clase	Opciones
---------------------------------------

	1	0	[0][0][0][0][1]
	2	18	[1][1][0][0][0]
	3	8	[0][1][1][0][0]
	4	2	[0][0][1][0][0]
	5	18	[1][1][0][0][0]
	6	5	[0][1][0][0][0]
	7	18	[1][1][0][0][0]
	8	15	[1][0][1][0][0]
	9	6	[0][1][0][0][1]
	10	22	[1][1][1][0][1]
	11	18	[1][1][0][0][0]
	12	1	[0][0][0][1][0]
	13	5	[0][1][0][0][0]
	14	10	[0][1][1][1][0]
	15	12	[1][0][0][0][1]
	16	0	[0][0][0][0][1]
	17	1	[0][0][0][1][0]
	18	17	[1][0][1][1][1]
	19	5	[0][1][0][0][0]
	20	15	[1][0][1][0][0]
	21	18	[1][1][0][0][0]
	22	0	[0][0][0][0][1]
	23	1	[0][0][0][1][0]
	24	18	[1][1][0][0][0]
	25	18	[1][1][0][0][0]
	26	1	[0][0][0][1][0]
	27	8	[0][1][1][0][0]
	28	5	[0][1][0][0][0]
	29	19	[1][1][0][0][1]
	30	23	[1][1][1][1][1]
	31	2	[0][0][1][0][0]
	32	21	[1][1][0][1][1]
	33	12	[1][0][0][0][1]
	34	18	[1][1][0][0][0]
	35	0	[0][0][0][0][1]
	36	23	[1][1][1][1][1]
	37	0	[0][0][0][0][1]
	38	1	[0][0][0][1][0]
	39	5	[0][1][0][0][0]
	40	12	[1][0][0][0][1]
	41	13	[1][0][0][1][0]
	42	9	[0][1][1][0][1]
	43	6	[0][1][0][0][1]
	44	7	[0][1][0][1][1]
	45	8	[0][1][1][0][0]
	46	12	[1][0][0][0][1]
	47	15	[1][0][1][0][0]
	48	11	[0][1][1][1][1]
	49	6	[0][1][0][0][1]
	50	18	[1][1][0][0][0]
	51	2	[0][0][1][0][0]
	52	22	[1][1][1][0][1]
	53	21	[1][1][0][1][1]
	54	1	[0][0][0][1][0]
	55	5	[0][1][0][0][0]
	56	5	[0][1][0][0][0]
	57	8	[0][1][1][0][0]
	58	13	[1][0][0][1][0]
	59	8	[0][1][1][0][0]
	60	14	[1][0][0][1][1]
	61	18	[1][1][0][0][0]
	62	5	[0][1][0][0][0]
	63	1	[0][0][0][1][0]
	64	5	[0][1][0][0][0]
	65	5	[0][1][0][0][0]
	66	10	[0][1][1][1][0]
	67	14	[1][0][0][1][1]
	68	15	[1][0][1][0][0]
	69	19	[1][1][0][0][1]
	70	9	[0][1][1][0][1]
	71	18	[1][1][0][0][0]
	72	1	[0][0][0][1][0]
	73	4	[0][0][1][1][0]
	74	16	[1][0][1][1][0]
	75	10	[0][1][1][1][0]
	76	11	[0][1][1][1][1]
	77	1	[0][0][0][1][0]
	78	19	[1][1][0][0][1]
	79	22	[1][1][1][0][1]
	80	0	[0][0][0][0][1]
	81	20	[1][1][0][1][0]
	82	5	[0][1][0][0][0]
	83	9	[0][1][1][0][1]
	84	14	[1][0][0][1][1]
	85	20	[1][1][0][1][0]
	86	3	[0][0][1][0][1]
	87	9	[0][1][1][0][1]
	88	18	[1][1][0][0][0]
	89	20	[1][1][0][1][0]
	90	4	[0][0][1][1][0]
	91	10	[0][1][1][1][0]
	92	19	[1][1][0][0][1]
	93	4	[0][0][1][1][0]
	94	10	[0][1][1][1][0]
	95	13	[1][0][0][1][0]
	96	20	[1][1][0][1][0]
	97	5	[0][1][0][0][0]
	98	11	[0][1][1][1][1]
	99	13	[1][0][0][1][0]
	100	7	[0][1][0][1][1]
	101	8	[0][1][1][0][0]
	102	7	[0][1][0][1][1]
	103	15	[1][0][1][0][0]
	104	5	[0][1][0][0][0]
	105	20	[1][1][0][1][0]
	106	2	[0][0][1][0][0]
	107	1	[0][0][0][1][0]
	108	18	[1][1][0][0][0]
	109	0	[0][0][0][0][1]
	110	18	[1][1][0][0][0]
	111	2	[0][0][1][0][0]
	112	7	[0][1][0][1][1]
	113	18	[1][1][0][0][0]
	114	4	[0][0][1][1][0]
	115	11	[0][1][1][1][1]
	116	1	[0][0][0][1][0]
	117	20	[1][1][0][1][0]
	118	20	[1][1][0][1][0]
	119	10	[0][1][1][1][0]
	120	18	[1][1][0][0][0]
	121	16	[1][0][1][1][0]
	122	6	[0][1][0][0][1]
	123	20	[1][1][0][1][0]
	124	9	[0][1][1][0][1]
	125	2	[0][0][1][0][0]
	126	16	[1][0][1][1][0]
	127	6	[0][1][0][0][1]
	128	15	[1][0][1][0][0]
	129	13	[1][0][0][1][0]
	130	5	[0][1][0][0][0]
	131	2	[0][0][1][0][0]
	132	16	[1][0][1][1][0]
	133	6	[0][1][0][0][1]
	134	20	[1][1][0][1][0]
	135	4	[0][0][1][1][0]
	136	18	[1][1][0][0][0]
	137	15	[1][0][1][0][0]
	138	5	[0][1][0][0][0]
	139	19	[1][1][0][0][1]
	140	8	[0][1][1][0][0]
	141	18	[1][1][0][0][0]
	142	4	[0][0][1][1][0]
	143	4	[0][0][1][1][0]
	144	18	[1][1][0][0][0]
	145	1	[0][0][0][1][0]
	146	8	[0][1][1][0][0]
	147	1	[0][0][0][1][0]
	148	15	[1][0][1][0][0]
	149	5	[0][1][0][0][0]
	150	19	[1][1][0][0][1]
	151	1	[0][0][0][1][0]
	152	20	[1][1][0][1][0]
	153	15	[1][0][1][0][0]
	154	5	[0][1][0][0][0]
	155	7	[0][1][0][1][1]
	156	20	[1][1][0][1][0]
	157	5	[0][1][0][0][0]
	158	13	[1][0][0][1][0]
	159	4	[0][0][1][1][0]
	160	18	[1][1][0][0][0]
	161	1	[0][0][0][1][0]
	162	8	[0][1][1][0][0]
	163	13	[1][0][0][1][0]
	164	5	[0][1][0][0][0]
	165	16	[1][0][1][1][0]
	166	6	[0][1][0][0][1]
	167	20	[1][1][0][1][0]
	168	9	[0][1][1][0][1]
	169	3	[0][0][1][0][1]
	170	20	[1][1][0][1][0]
	171	15	[1][0][1][0][0]
	172	6	[0][1][0][0][1]
	173	1	[0][0][0][1][0]
	174	18	[1][1][0][0][0]
	175	19	[1][1][0][0][1]
	176	13	[1][0][0][1][0]
	177	5	[0][1][0][0][0]
	178	21	[1][1][0][1][1]
	179	18	[1][1][0][0][0]
	180	15	[1][0][1][0][0]
	181	8	[0][1][1][0][0]
	182	14	[1][0][0][1][1]
	183	5	[0][1][0][0][0]
	184	1	[0][0][0][1][0]
	185	5	[0][1][0][0][0]
	186	20	[1][1][0][1][0]
	187	18	[1][1][0][0][0]
	188	7	[0][1][0][1][1]
	189	8	[0][1][1][0][0]
	190	6	[0][1][0][0][1]
	191	18	[1][1][0][0][0]
	192	5	[0][1][0][0][0]
	193	2	[0][0][1][0][0]
	194	20	[1][1][0][1][0]
	195	18	[1][1][0][0][0]
	196	5	[0][1][0][0][0]
	197	5	[0][1][0][0][0]
	198	6	[0][1][0][0][1]
	199	4	[0][0][1][1][0]
	200	1	[0][0][0][1][0]
	201	19	[1][1][0][0][1]
	202	5	[0][1][0][0][0]
	203	15	[1][0][1][0][0]
	204	5	[0][1][0][0][0]
	205	18	[1][1][0][0][0]
	206	4	[0][0][1][1][0]
	207	18	[1][1][0][0][0]
	208	8	[0][1][1][0][0]
	209	5	[0][1][0][0][0]
	210	20	[1][1][0][1][0]
	211	2	[0][0][1][0][0]
	212	18	[1][1][0][0][0]
	213	7	[0][1][0][1][1]
	214	18	[1][1][0][0][0]
	215	19	[1][1][0][0][1]
	216	6	[0][1][0][0][1]
	217	4	[0][0][1][1][0]
	218	18	[1][1][0][0][0]
	219	7	[0][1][0][1][1]
	220	13	[1][0][0][1][0]
	221	19	[1][1][0][0][1]
	222	4	[0][0][1][1][0]
	223	8	[0][1][1][0][0]
	224	1	[0][0][0][1][0]
	225	6	[0][1][0][0][1]
	226	18	[1][1][0][0][0]
	227	4	[0][0][1][1][0]
	228	5	[0][1][0][0][0]
	229	20	[1][1][0][1][0]
	230	2	[0][0][1][0][0]
	231	7	[0][1][0][1][1]
	232	20	[1][1][0][1][0]
	233	18	[1][1][0][0][0]
	234	8	[0][1][1][0][0]
	235	2	[0][0][1][0][0]
	236	7	[0][1][0][1][1]
	237	5	[0][1][0][0][0]
	238	13	[1][0][0][1][0]
	239	5	[0][1][0][0][0]
	240	2	[0][0][1][0][0]
	241	18	[1][1][0][0][0]
	242	8	[0][1][1][0][0]
	243	19	[1][1][0][0][1]
	244	5	[0][1][0][0][0]
	245	16	[1][0][1][1][0]
	246	5	[0][1][0][0][0]
	247	5	[0][1][0][0][0]
	248	16	[1][0][1][1][0]
	249	18	[1][1][0][0][0]
	250	8	[0][1][1][0][0]
	251	13	[1][0][0][1][0]
	252	5	[0][1][0][0][0]
	253	5	[0][1][0][0][0]
	254	18	[1][1][0][0][0]
	255	4	[0][0][1][1][0]
	256	13	[1][0][0][1][0]
	257	5	[0][1][0][0][0]
	258	16	[1][0][1][1][0]
	259	1	[0][0][0][1][0]
	260	5	[0][1][0][0][0]
	261	18	[1][1][0][0][0]
	262	2	[0][0][1][0][0]
	263	13	[1][0][0][1][0]
	264	1	[0][0][0][1][0]
	265	8	[0][1][1][0][0]
	266	13	[1][0][0][1][0]
	267	18	[1][1][0][0][0]
	268	8	[0][1][1][0][0]
	269	20	[1][1][0][1][0]
	270	5	[0][1][0][0][0]
	271	18	[1][1][0][0][0]
	272	2	[0][0][1][0][0]
	273	13	[1][0][0][1][0]
	274	1	[0][0][0][1][0]
	275	2	[0][0][1][0][0]
	276	5	[0][1][0][0][0]
	277	1	[0][0][0][1][0]
	278	18	[1][1][0][0][0]
	279	3	[0][0][1][0][1]
	280	18	[1][1][0][0][0]
	281	18	[1][1][0][0][0]
	282	18	[1][1][0][0][0]
	283	1	[0][0][0][1][0]
	284	18	[1][1][0][0][0]
	285	18	[1][1][0][0][0]
	286	4	[0][0][1][1][0]
	287	18	[1][1][0][0][0]
	288	6	[0][1][0][0][1]
	289	2	[0][0][1][0][0]
	290	8	[0][1][1][0][0]
	291	5	[0][1][0][0][0]
	292	1	[0][0][0][1][0]
	293	5	[0][1][0][0][0]
	294	18	[1][1][0][0][0]
	295	8	[0][1][1][0][0]
	296	5	[0][1][0][0][0]
	297	1	[0][0][0][1][0]
	298	20	[1][1][0][1][0]
	299	18	[1][1][0][0][0]
	300	8	[0][1][1][0][0]
	301	15	[1][0][1][0][0]
	302	1	[0][0][0][1][0]
	303	5	[0][1][0][0][0]
	304	18	[1][1][0][0][0]
	305	8	[0][1][1][0][0]
	306	5	[0][1][0][0][0]
	307	1	[0][0][0][1][0]
	308	13	[1][0][0][1][0]
	309	8	[0][1][1][0][0]
	310	20	[1][1][0][1][0]
	311	8	[0][1][1][0][0]
	312	5	[0][1][0][0][0]
	313	15	[1][0][1][0][0]
	314	1	[0][0][0][1][0]
	315	18	[1][1][0][0][0]
	316	8	[0][1][1][0][0]
	317	6	[0][1][0][0][1]
	318	1	[0][0][0][1][0]
	319	5	[0][1][0][0][0]
	320	23	[1][1][1][1][1]
	321	5	[0][1][0][0][0]
	322	20	[1][1][0][1][0]
	323	5	[0][1][0][0][0]
	324	18	[1][1][0][0][0]
	325	2	[0][0][1][0][0]
	326	4	[0][0][1][1][0]
	327	20	[1][1][0][1][0]
	328	5	[0][1][0][0][0]
	329	5	[0][1][0][0][0]
	330	4	[0][0][1][1][0]
	331	18	[1][1][0][0][0]
	332	5	[0][1][0][0][0]
	333	5	[0][1][0][0][0]
	334	5	[0][1][0][0][0]
	335	5	[0][1][0][0][0]
	336	5	[0][1][0][0][0]
	337	20	[1][1][0][1][0]
	338	5	[0][1][0][0][0]
	339	12	[1][0][0][0][1]
	340	7	[0][1][0][1][1]
	341	8	[0][1][1][0][0]
	342	13	[1][0][0][1][0]
	343	18	[1][1][0][0][0]
	344	2	[0][0][1][0][0]
	345	20	[1][1][0][1][0]
	346	10	[0][1][1][1][0]
	347	20	[1][1][0][1][0]
	348	1	[0][0][0][1][0]
	349	20	[1][1][0][1][0]
	350	5	[0][1][0][0][0]
	351	20	[1][1][0][1][0]
	352	0	[0][0][0][0][1]
	353	5	[0][1][0][0][0]
	354	20	[1][1][0][1][0]
	355	22	[1][1][1][0][1]
	356	1	[0][0][0][1][0]
	357	1	[0][0][0][1][0]
	358	18	[1][1][0][0][0]
	359	8	[0][1][1][0][0]
	360	18	[1][1][0][0][0]
	361	4	[0][0][1][1][0]
	362	18	[1][1][0][0][0]
	363	13	[1][0][0][1][0]
	364	5	[0][1][0][0][0]
	365	8	[0][1][1][0][0]
	366	5	[0][1][0][0][0]
	367	8	[0][1][1][0][0]
	368	20	[1][1][0][1][0]
	369	21	[1][1][0][1][1]
	370	4	[0][0][1][1][0]
	371	18	[1][1][0][0][0]
	372	18	[1][1][0][0][0]
	373	13	[1][0][0][1][0]
	374	0	[0][0][0][0][1]
	375	18	[1][1][0][0][0]
	376	5	[0][1][0][0][0]
	377	8	[0][1][1][0][0]
	378	20	[1][1][0][1][0]
	379	13	[1][0][0][1][0]
	380	5	[0][1][0][0][0]
	381	5	[0][1][0][0][0]
	382	13	[1][0][0][1][0]
	383	5	[0][1][0][0][0]
	384	8	[0][1][1][0][0]
	385	4	[0][0][1][1][0]
	386	5	[0][1][0][0][0]
	387	5	[0][1][0][0][0]
	388	2	[0][0][1][0][0]
	389	13	[1][0][0][1][0]
	390	5	[0][1][0][0][0]
	391	5	[0][1][0][0][0]
	392	20	[1][1][0][1][0]
	393	5	[0][1][0][0][0]
	394	13	[1][0][0][1][0]
	395	5	[0][1][0][0][0]
	396	5	[0][1][0][0][0]
	397	1	[0][0][0][1][0]
	398	8	[0][1][1][0][0]
	399	0	[0][0][0][0][1]
	400	8	[0][1][1][0][0]