400 5 24
1 2 1 2 1 
2 3 3 5 5 
0 10 0 0 0 0 1
1 34 0 0 0 1 0
2 19 0 0 1 0 0
3 3 0 0 1 0 1
4 20 0 0 1 1 0
5 72 0 1 0 0 0
6 14 0 1 0 0 1
7 11 0 1 0 1 1
8 33 0 1 1 0 0
9 6 0 1 1 0 1
10 7 0 1 1 1 0
11 4 0 1 1 1 1
12 5 1 0 0 0 1
13 23 1 0 0 1 0
14 4 1 0 0 1 1
15 14 1 0 1 0 0
16 8 1 0 1 1 0
17 1 1 0 1 1 1
18 58 1 1 0 0 0
19 11 1 1 0 0 1
20 32 1 1 0 1 0
21 4 1 1 0 1 1
22 4 1 1 1 0 1
23 3 1 1 1 1 1

Cantidad de restricciones violadas (solucion Greedy): 174
Tiempo de ejecucion :469.575 milisegundos
Cantidad de restricciones violadas (solucion final): 52
Tiempo de ejecucion :4368.23 milisegundos
Cantidad de iteraciones: 83
---------------------------------------
Nro. Auto   Clase	Opciones
---------------------------------------

	1	0	[0][0][0][0][1]
	2	1	[0][0][0][1][0]
	3	1	[0][0][0][1][0]
	4	2	[0][0][1][0][0]
	5	20	[1][1][0][1][0]
	6	5	[0][1][0][0][0]
	7	12	[1][0][0][0][1]
	8	8	[0][1][1][0][0]
	9	6	[0][1][0][0][1]
	10	12	[1][0][0][0][1]
	11	5	[0][1][0][0][0]
	12	1	[0][0][0][1][0]
	13	18	[1][1][0][0][0]
	14	10	[0][1][1][1][0]
	15	18	[1][1][0][0][0]
	16	0	[0][0][0][0][1]
	17	1	[0][0][0][1][0]
	18	18	[1][1][0][0][0]
	19	5	[0][1][0][0][0]
	20	15	[1][0][1][0][0]
	21	18	[1][1][0][0][0]
	22	0	[0][0][0][0][1]
	23	1	[0][0][0][1][0]
	24	18	[1][1][0][0][0]
	25	18	[1][1][0][0][0]
	26	4	[0][0][1][1][0]
	27	18	[1][1][0][0][0]
	28	8	[0][1][1][0][0]
	29	5	[0][1][0][0][0]
	30	23	[1][1][1][1][1]
	31	2	[0][0][1][0][0]
	32	21	[1][1][0][1][1]
	33	22	[1][1][1][0][1]
	34	5	[0][1][0][0][0]
	35	0	[0][0][0][0][1]
	36	23	[1][1][1][1][1]
	37	0	[0][0][0][0][1]
	38	13	[1][0][0][1][0]
	39	5	[0][1][0][0][0]
	40	8	[0][1][1][0][0]
	41	13	[1][0][0][1][0]
	42	5	[0][1][0][0][0]
	43	6	[0][1][0][0][1]
	44	18	[1][1][0][0][0]
	45	8	[0][1][1][0][0]
	46	12	[1][0][0][0][1]
	47	15	[1][0][1][0][0]
	48	11	[0][1][1][1][1]
	49	14	[1][0][0][1][1]
	50	5	[0][1][0][0][0]
	51	17	[1][0][1][1][1]
	52	22	[1][1][1][0][1]
	53	13	[1][0][0][1][0]
	54	5	[0][1][0][0][0]
	55	5	[0][1][0][0][0]
	56	5	[0][1][0][0][0]
	57	8	[0][1][1][0][0]
	58	13	[1][0][0][1][0]
	59	0	[0][0][0][0][1]
	60	14	[1][0][0][1][1]
	61	18	[1][1][0][0][0]
	62	20	[1][1][0][1][0]
	63	2	[0][0][1][0][0]
	64	15	[1][0][1][0][0]
	65	7	[0][1][0][1][1]
	66	5	[0][1][0][0][0]
	67	14	[1][0][0][1][1]
	68	15	[1][0][1][0][0]
	69	19	[1][1][0][0][1]
	70	1	[0][0][0][1][0]
	71	13	[1][0][0][1][0]
	72	1	[0][0][0][1][0]
	73	4	[0][0][1][1][0]
	74	7	[0][1][0][1][1]
	75	20	[1][1][0][1][0]
	76	11	[0][1][1][1][1]
	77	5	[0][1][0][0][0]
	78	19	[1][1][0][0][1]
	79	22	[1][1][1][0][1]
	80	0	[0][0][0][0][1]
	81	6	[0][1][0][0][1]
	82	18	[1][1][0][0][0]
	83	9	[0][1][1][0][1]
	84	14	[1][0][0][1][1]
	85	20	[1][1][0][1][0]
	86	3	[0][0][1][0][1]
	87	5	[0][1][0][0][0]
	88	18	[1][1][0][0][0]
	89	20	[1][1][0][1][0]
	90	4	[0][0][1][1][0]
	91	10	[0][1][1][1][0]
	92	19	[1][1][0][0][1]
	93	13	[1][0][0][1][0]
	94	10	[0][1][1][1][0]
	95	13	[1][0][0][1][0]
	96	20	[1][1][0][1][0]
	97	5	[0][1][0][0][0]
	98	11	[0][1][1][1][1]
	99	1	[0][0][0][1][0]
	100	16	[1][0][1][1][0]
	101	5	[0][1][0][0][0]
	102	7	[0][1][0][1][1]
	103	15	[1][0][1][0][0]
	104	18	[1][1][0][0][0]
	105	21	[1][1][0][1][1]
	106	2	[0][0][1][0][0]
	107	1	[0][0][0][1][0]
	108	18	[1][1][0][0][0]
	109	18	[1][1][0][0][0]
	110	5	[0][1][0][0][0]
	111	2	[0][0][1][0][0]
	112	7	[0][1][0][1][1]
	113	5	[0][1][0][0][0]
	114	4	[0][0][1][1][0]
	115	5	[0][1][0][0][0]
	116	20	[1][1][0][1][0]
	117	6	[0][1][0][0][1]
	118	1	[0][0][0][1][0]
	119	18	[1][1][0][0][0]
	120	2	[0][0][1][0][0]
	121	18	[1][1][0][0][0]
	122	6	[0][1][0][0][1]
	123	16	[1][0][1][1][0]
	124	8	[0][1][1][0][0]
	125	2	[0][0][1][0][0]
	126	16	[1][0][1][1][0]
	127	6	[0][1][0][0][1]
	128	18	[1][1][0][0][0]
	129	13	[1][0][0][1][0]
	130	18	[1][1][0][0][0]
	131	2	[0][0][1][0][0]
	132	5	[0][1][0][0][0]
	133	6	[0][1][0][0][1]
	134	20	[1][1][0][1][0]
	135	4	[0][0][1][1][0]
	136	18	[1][1][0][0][0]
	137	15	[1][0][1][0][0]
	138	5	[0][1][0][0][0]
	139	19	[1][1][0][0][1]
	140	8	[0][1][1][0][0]
	141	18	[1][1][0][0][0]
	142	1	[0][0][0][1][0]
	143	8	[0][1][1][0][0]
	144	18	[1][1][0][0][0]
	145	1	[0][0][0][1][0]
	146	8	[0][1][1][0][0]
	147	1	[0][0][0][1][0]
	148	15	[1][0][1][0][0]
	149	5	[0][1][0][0][0]
	150	19	[1][1][0][0][1]
	151	8	[0][1][1][0][0]
	152	20	[1][1][0][1][0]
	153	15	[1][0][1][0][0]
	154	5	[0][1][0][0][0]
	155	7	[0][1][0][1][1]
	156	20	[1][1][0][1][0]
	157	4	[0][0][1][1][0]
	158	20	[1][1][0][1][0]
	159	4	[0][0][1][1][0]
	160	18	[1][1][0][0][0]
	161	9	[0][1][1][0][1]
	162	8	[0][1][1][0][0]
	163	13	[1][0][0][1][0]
	164	5	[0][1][0][0][0]
	165	16	[1][0][1][1][0]
	166	6	[0][1][0][0][1]
	167	20	[1][1][0][1][0]
	168	9	[0][1][1][0][1]
	169	0	[0][0][0][0][1]
	170	20	[1][1][0][1][0]
	171	15	[1][0][1][0][0]
	172	6	[0][1][0][0][1]
	173	1	[0][0][0][1][0]
	174	18	[1][1][0][0][0]
	175	19	[1][1][0][0][1]
	176	13	[1][0][0][1][0]
	177	5	[0][1][0][0][0]
	178	21	[1][1][0][1][1]
	179	18	[1][1][0][0][0]
	180	4	[0][0][1][1][0]
	181	8	[0][1][1][0][0]
	182	6	[0][1][0][0][1]
	183	18	[1][1][0][0][0]
	184	1	[0][0][0][1][0]
	185	5	[0][1][0][0][0]
	186	20	[1][1][0][1][0]
	187	5	[0][1][0][0][0]
	188	15	[1][0][1][0][0]
	189	19	[1][1][0][0][1]
	190	6	[0][1][0][0][1]
	191	18	[1][1][0][0][0]
	192	5	[0][1][0][0][0]
	193	2	[0][0][1][0][0]
	194	20	[1][1][0][1][0]
	195	5	[0][1][0][0][0]
	196	15	[1][0][1][0][0]
	197	5	[0][1][0][0][0]
	198	20	[1][1][0][1][0]
	199	4	[0][0][1][1][0]
	200	1	[0][0][0][1][0]
	201	19	[1][1][0][0][1]
	202	8	[0][1][1][0][0]
	203	15	[1][0][1][0][0]
	204	8	[0][1][1][0][0]
	205	1	[0][0][0][1][0]
	206	4	[0][0][1][1][0]
	207	18	[1][1][0][0][0]
	208	8	[0][1][1][0][0]
	209	5	[0][1][0][0][0]
	210	20	[1][1][0][1][0]
	211	2	[0][0][1][0][0]
	212	5	[0][1][0][0][0]
	213	5	[0][1][0][0][0]
	214	13	[1][0][0][1][0]
	215	19	[1][1][0][0][1]
	216	1	[0][0][0][1][0]
	217	4	[0][0][1][1][0]
	218	20	[1][1][0][1][0]
	219	7	[0][1][0][1][1]
	220	13	[1][0][0][1][0]
	221	19	[1][1][0][0][1]
	222	4	[0][0][1][1][0]
	223	8	[0][1][1][0][0]
	224	1	[0][0][0][1][0]
	225	6	[0][1][0][0][1]
	226	18	[1][1][0][0][0]
	227	5	[0][1][0][0][0]
	228	8	[0][1][1][0][0]
	229	1	[0][0][0][1][0]
	230	16	[1][0][1][1][0]
	231	7	[0][1][0][1][1]
	232	20	[1][1][0][1][0]
	233	5	[0][1][0][0][0]
	234	13	[1][0][0][1][0]
	235	1	[0][0][0][1][0]
	236	7	[0][1][0][1][1]
	237	2	[0][0][1][0][0]
	238	18	[1][1][0][0][0]
	239	5	[0][1][0][0][0]
	240	2	[0][0][1][0][0]
	241	4	[0][0][1][1][0]
	242	6	[0][1][0][0][1]
	243	18	[1][1][0][0][0]
	244	1	[0][0][0][1][0]
	245	5	[0][1][0][0][0]
	246	13	[1][0][0][1][0]
	247	5	[0][1][0][0][0]
	248	22	[1][1][1][0][1]
	249	13	[1][0][0][1][0]
	250	10	[0][1][1][1][0]
	251	13	[1][0][0][1][0]
	252	5	[0][1][0][0][0]
	253	5	[0][1][0][0][0]
	254	18	[1][1][0][0][0]
	255	4	[0][0][1][1][0]
	256	20	[1][1][0][1][0]
	257	5	[0][1][0][0][0]
	258	18	[1][1][0][0][0]
	259	2	[0][0][1][0][0]
	260	5	[0][1][0][0][0]
	261	18	[1][1][0][0][0]
	262	2	[0][0][1][0][0]
	263	21	[1][1][0][1][1]
	264	1	[0][0][0][1][0]
	265	8	[0][1][1][0][0]
	266	19	[1][1][0][0][1]
	267	1	[0][0][0][1][0]
	268	8	[0][1][1][0][0]
	269	20	[1][1][0][1][0]
	270	5	[0][1][0][0][0]
	271	18	[1][1][0][0][0]
	272	5	[0][1][0][0][0]
	273	13	[1][0][0][1][0]
	274	1	[0][0][0][1][0]
	275	2	[0][0][1][0][0]
	276	5	[0][1][0][0][0]
	277	5	[0][1][0][0][0]
	278	13	[1][0][0][1][0]
	279	9	[0][1][1][0][1]
	280	18	[1][1][0][0][0]
	281	12	[1][0][0][0][1]
	282	8	[0][1][1][0][0]
	283	18	[1][1][0][0][0]
	284	18	[1][1][0][0][0]
	285	4	[0][0][1][1][0]
	286	18	[1][1][0][0][0]
	287	7	[0][1][0][1][1]
	288	18	[1][1][0][0][0]
	289	2	[0][0][1][0][0]
	290	18	[1][1][0][0][0]
	291	5	[0][1][0][0][0]
	292	1	[0][0][0][1][0]
	293	20	[1][1][0][1][0]
	294	9	[0][1][1][0][1]
	295	8	[0][1][1][0][0]
	296	5	[0][1][0][0][0]
	297	1	[0][0][0][1][0]
	298	20	[1][1][0][1][0]
	299	18	[1][1][0][0][0]
	300	9	[0][1][1][0][1]
	301	18	[1][1][0][0][0]
	302	1	[0][0][0][1][0]
	303	20	[1][1][0][1][0]
	304	5	[0][1][0][0][0]
	305	8	[0][1][1][0][0]
	306	5	[0][1][0][0][0]
	307	1	[0][0][0][1][0]
	308	20	[1][1][0][1][0]
	309	8	[0][1][1][0][0]
	310	20	[1][1][0][1][0]
	311	8	[0][1][1][0][0]
	312	18	[1][1][0][0][0]
	313	1	[0][0][0][1][0]
	314	2	[0][0][1][0][0]
	315	18	[1][1][0][0][0]
	316	8	[0][1][1][0][0]
	317	5	[0][1][0][0][0]
	318	1	[0][0][0][1][0]
	319	5	[0][1][0][0][0]
	320	15	[1][0][1][0][0]
	321	5	[0][1][0][0][0]
	322	18	[1][1][0][0][0]
	323	11	[0][1][1][1][1]
	324	5	[0][1][0][0][0]
	325	4	[0][0][1][1][0]
	326	18	[1][1][0][0][0]
	327	5	[0][1][0][0][0]
	328	16	[1][0][1][1][0]
	329	5	[0][1][0][0][0]
	330	13	[1][0][0][1][0]
	331	18	[1][1][0][0][0]
	332	0	[0][0][0][0][1]
	333	4	[0][0][1][1][0]
	334	5	[0][1][0][0][0]
	335	5	[0][1][0][0][0]
	336	2	[0][0][1][0][0]
	337	5	[0][1][0][0][0]
	338	16	[1][0][1][1][0]
	339	18	[1][1][0][0][0]
	340	5	[0][1][0][0][0]
	341	10	[0][1][1][1][0]
	342	20	[1][1][0][1][0]
	343	18	[1][1][0][0][0]
	344	5	[0][1][0][0][0]
	345	4	[0][0][1][1][0]
	346	20	[1][1][0][1][0]
	347	13	[1][0][0][1][0]
	348	6	[0][1][0][0][1]
	349	20	[1][1][0][1][0]
	350	20	[1][1][0][1][0]
	351	3	[0][0][1][0][1]
	352	20	[1][1][0][1][0]
	353	13	[1][0][0][1][0]
	354	10	[0][1][1][1][0]
	355	18	[1][1][0][0][0]
	356	5	[0][1][0][0][0]
	357	18	[1][1][0][0][0]
	358	1	[0][0][0][1][0]
	359	7	[0][1][0][1][1]
	360	18	[1][1][0][0][0]
	361	0	[0][0][0][0][1]
	362	18	[1][1][0][0][0]
	363	2	[0][0][1][0][0]
	364	18	[1][1][0][0][0]
	365	8	[0][1][1][0][0]
	366	5	[0][1][0][0][0]
	367	13	[1][0][0][1][0]
	368	5	[0][1][0][0][0]
	369	16	[1][0][1][1][0]
	370	10	[0][1][1][1][0]
	371	18	[1][1][0][0][0]
	372	7	[0][1][0][1][1]
	373	15	[1][0][1][0][0]
	374	8	[0][1][1][0][0]
	375	4	[0][0][1][1][0]
	376	8	[0][1][1][0][0]
	377	8	[0][1][1][0][0]
	378	8	[0][1][1][0][0]
	379	3	[0][0][1][0][1]
	380	5	[0][1][0][0][0]
	381	18	[1][1][0][0][0]
	382	1	[0][0][0][1][0]
	383	8	[0][1][1][0][0]
	384	5	[0][1][0][0][0]
	385	20	[1][1][0][1][0]
	386	5	[0][1][0][0][0]
	387	4	[0][0][1][1][0]
	388	8	[0][1][1][0][0]
	389	12	[1][0][0][0][1]
	390	5	[0][1][0][0][0]
	391	13	[1][0][0][1][0]
	392	5	[0][1][0][0][0]
	393	5	[0][1][0][0][0]
	394	1	[0][0][0][1][0]
	395	18	[1][1][0][0][0]
	396	8	[0][1][1][0][0]
	397	23	[1][1][1][1][1]
	398	5	[0][1][0][0][0]
	399	18	[1][1][0][0][0]
	400	5	[0][1][0][0][0]