400 5 21
1 2 1 2 1 
2 3 3 5 5 
0 13 0 0 0 0 1
1 34 0 0 0 1 0
2 6 0 0 1 0 1
3 15 0 0 1 1 0
4 1 0 0 1 1 1
5 106 0 1 0 0 0
6 8 0 1 1 0 1
7 20 0 1 1 1 0
8 54 1 0 0 0 0
9 6 1 0 0 0 1
10 5 1 0 0 1 1
11 21 1 0 1 0 0
12 1 1 0 1 0 1
13 3 1 0 1 1 1
14 11 1 1 0 0 1
15 33 1 1 0 1 0
16 10 1 1 0 1 1
17 27 1 1 1 0 0
18 5 1 1 1 0 1
19 19 1 1 1 1 0
20 2 1 1 1 1 1

Cantidad de restricciones violadas (solucion Greedy): 181
Tiempo de ejecucion :374.469 milisegundos
Cantidad de restricciones violadas (solucion final): 63
Tiempo de ejecucion :4072.88 milisegundos
Cantidad de iteraciones: 79
---------------------------------------
Nro. Auto   Clase	Opciones
---------------------------------------

	1	0	[0][0][0][0][1]
	2	11	[1][0][1][0][0]
	3	15	[1][1][0][1][0]
	4	2	[0][0][1][0][1]
	5	5	[0][1][0][0][0]
	6	10	[1][0][0][1][1]
	7	19	[1][1][1][1][0]
	8	5	[0][1][0][0][0]
	9	8	[1][0][0][0][0]
	10	5	[0][1][0][0][0]
	11	14	[1][1][0][0][1]
	12	9	[1][0][0][0][1]
	13	10	[1][0][0][1][1]
	14	1	[0][0][0][1][0]
	15	14	[1][1][0][0][1]
	16	1	[0][0][0][1][0]
	17	5	[0][1][0][0][0]
	18	8	[1][0][0][0][0]
	19	1	[0][0][0][1][0]
	20	17	[1][1][1][0][0]
	21	0	[0][0][0][0][1]
	22	16	[1][1][0][1][1]
	23	9	[1][0][0][0][1]
	24	10	[1][0][0][1][1]
	25	1	[0][0][0][1][0]
	26	11	[1][0][1][0][0]
	27	15	[1][1][0][1][0]
	28	5	[0][1][0][0][0]
	29	6	[0][1][1][0][1]
	30	10	[1][0][0][1][1]
	31	5	[0][1][0][0][0]
	32	10	[1][0][0][1][1]
	33	14	[1][1][0][0][1]
	34	5	[0][1][0][0][0]
	35	15	[1][1][0][1][0]
	36	8	[1][0][0][0][0]
	37	17	[1][1][1][0][0]
	38	5	[0][1][0][0][0]
	39	0	[0][0][0][0][1]
	40	5	[0][1][0][0][0]
	41	3	[0][0][1][1][0]
	42	19	[1][1][1][1][0]
	43	8	[1][0][0][0][0]
	44	11	[1][0][1][0][0]
	45	5	[0][1][0][0][0]
	46	15	[1][1][0][1][0]
	47	18	[1][1][1][0][1]
	48	5	[0][1][0][0][0]
	49	11	[1][0][1][0][0]
	50	2	[0][0][1][0][1]
	51	6	[0][1][1][0][1]
	52	7	[0][1][1][1][0]
	53	11	[1][0][1][0][0]
	54	20	[1][1][1][1][1]
	55	18	[1][1][1][0][1]
	56	0	[0][0][0][0][1]
	57	3	[0][0][1][1][0]
	58	6	[0][1][1][0][1]
	59	8	[1][0][0][0][0]
	60	11	[1][0][1][0][0]
	61	14	[1][1][0][0][1]
	62	15	[1][1][0][1][0]
	63	18	[1][1][1][0][1]
	64	1	[0][0][0][1][0]
	65	1	[0][0][0][1][0]
	66	2	[0][0][1][0][1]
	67	6	[0][1][1][0][1]
	68	9	[1][0][0][0][1]
	69	14	[1][1][0][0][1]
	70	5	[0][1][0][0][0]
	71	18	[1][1][1][0][1]
	72	1	[0][0][0][1][0]
	73	16	[1][1][0][1][1]
	74	6	[0][1][1][0][1]
	75	8	[1][0][0][0][0]
	76	5	[0][1][0][0][0]
	77	5	[0][1][0][0][0]
	78	20	[1][1][1][1][1]
	79	3	[0][0][1][1][0]
	80	17	[1][1][1][0][0]
	81	7	[0][1][1][1][0]
	82	1	[0][0][0][1][0]
	83	6	[0][1][1][0][1]
	84	8	[1][0][0][0][0]
	85	1	[0][0][0][1][0]
	86	6	[0][1][1][0][1]
	87	13	[1][0][1][1][1]
	88	0	[0][0][0][0][1]
	89	0	[0][0][0][0][1]
	90	8	[1][0][0][0][0]
	91	17	[1][1][1][0][0]
	92	5	[0][1][0][0][0]
	93	15	[1][1][0][1][0]
	94	1	[0][0][0][1][0]
	95	14	[1][1][0][0][1]
	96	2	[0][0][1][0][1]
	97	5	[0][1][0][0][0]
	98	7	[0][1][1][1][0]
	99	16	[1][1][0][1][1]
	100	5	[0][1][0][0][0]
	101	16	[1][1][0][1][1]
	102	5	[0][1][0][0][0]
	103	8	[1][0][0][0][0]
	104	5	[0][1][0][0][0]
	105	11	[1][0][1][0][0]
	106	5	[0][1][0][0][0]
	107	11	[1][0][1][0][0]
	108	14	[1][1][0][0][1]
	109	5	[0][1][0][0][0]
	110	8	[1][0][0][0][0]
	111	9	[1][0][0][0][1]
	112	5	[0][1][0][0][0]
	113	3	[0][0][1][1][0]
	114	19	[1][1][1][1][0]
	115	5	[0][1][0][0][0]
	116	8	[1][0][0][0][0]
	117	3	[0][0][1][1][0]
	118	7	[0][1][1][1][0]
	119	0	[0][0][0][0][1]
	120	5	[0][1][0][0][0]
	121	17	[1][1][1][0][0]
	122	14	[1][1][0][0][1]
	123	8	[1][0][0][0][0]
	124	7	[0][1][1][1][0]
	125	3	[0][0][1][1][0]
	126	19	[1][1][1][1][0]
	127	15	[1][1][0][1][0]
	128	8	[1][0][0][0][0]
	129	19	[1][1][1][1][0]
	130	7	[0][1][1][1][0]
	131	0	[0][0][0][0][1]
	132	5	[0][1][0][0][0]
	133	5	[0][1][0][0][0]
	134	15	[1][1][0][1][0]
	135	19	[1][1][1][1][0]
	136	1	[0][0][0][1][0]
	137	17	[1][1][1][0][0]
	138	0	[0][0][0][0][1]
	139	5	[0][1][0][0][0]
	140	8	[1][0][0][0][0]
	141	19	[1][1][1][1][0]
	142	0	[0][0][0][0][1]
	143	7	[0][1][1][1][0]
	144	5	[0][1][0][0][0]
	145	17	[1][1][1][0][0]
	146	16	[1][1][0][1][1]
	147	8	[1][0][0][0][0]
	148	5	[0][1][0][0][0]
	149	8	[1][0][0][0][0]
	150	7	[0][1][1][1][0]
	151	5	[0][1][0][0][0]
	152	11	[1][0][1][0][0]
	153	5	[0][1][0][0][0]
	154	19	[1][1][1][1][0]
	155	8	[1][0][0][0][0]
	156	7	[0][1][1][1][0]
	157	17	[1][1][1][0][0]
	158	16	[1][1][0][1][1]
	159	5	[0][1][0][0][0]
	160	8	[1][0][0][0][0]
	161	8	[1][0][0][0][0]
	162	7	[0][1][1][1][0]
	163	11	[1][0][1][0][0]
	164	7	[0][1][1][1][0]
	165	8	[1][0][0][0][0]
	166	7	[0][1][1][1][0]
	167	5	[0][1][0][0][0]
	168	15	[1][1][0][1][0]
	169	5	[0][1][0][0][0]
	170	14	[1][1][0][0][1]
	171	11	[1][0][1][0][0]
	172	7	[0][1][1][1][0]
	173	15	[1][1][0][1][0]
	174	5	[0][1][0][0][0]
	175	1	[0][0][0][1][0]
	176	0	[0][0][0][0][1]
	177	19	[1][1][1][1][0]
	178	3	[0][0][1][1][0]
	179	19	[1][1][1][1][0]
	180	1	[0][0][0][1][0]
	181	16	[1][1][0][1][1]
	182	5	[0][1][0][0][0]
	183	11	[1][0][1][0][0]
	184	5	[0][1][0][0][0]
	185	7	[0][1][1][1][0]
	186	5	[0][1][0][0][0]
	187	3	[0][0][1][1][0]
	188	8	[1][0][0][0][0]
	189	0	[0][0][0][0][1]
	190	15	[1][1][0][1][0]
	191	5	[0][1][0][0][0]
	192	19	[1][1][1][1][0]
	193	1	[0][0][0][1][0]
	194	19	[1][1][1][1][0]
	195	14	[1][1][0][0][1]
	196	1	[0][0][0][1][0]
	197	3	[0][0][1][1][0]
	198	5	[0][1][0][0][0]
	199	11	[1][0][1][0][0]
	200	3	[0][0][1][1][0]
	201	3	[0][0][1][1][0]
	202	15	[1][1][0][1][0]
	203	16	[1][1][0][1][1]
	204	5	[0][1][0][0][0]
	205	4	[0][0][1][1][1]
	206	7	[0][1][1][1][0]
	207	3	[0][0][1][1][0]
	208	5	[0][1][0][0][0]
	209	7	[0][1][1][1][0]
	210	15	[1][1][0][1][0]
	211	1	[0][0][0][1][0]
	212	11	[1][0][1][0][0]
	213	17	[1][1][1][0][0]
	214	5	[0][1][0][0][0]
	215	5	[0][1][0][0][0]
	216	11	[1][0][1][0][0]
	217	5	[0][1][0][0][0]
	218	1	[0][0][0][1][0]
	219	2	[0][0][1][0][1]
	220	15	[1][1][0][1][0]
	221	7	[0][1][1][1][0]
	222	8	[1][0][0][0][0]
	223	5	[0][1][0][0][0]
	224	8	[1][0][0][0][0]
	225	11	[1][0][1][0][0]
	226	16	[1][1][0][1][1]
	227	5	[0][1][0][0][0]
	228	11	[1][0][1][0][0]
	229	17	[1][1][1][0][0]
	230	5	[0][1][0][0][0]
	231	11	[1][0][1][0][0]
	232	7	[0][1][1][1][0]
	233	5	[0][1][0][0][0]
	234	8	[1][0][0][0][0]
	235	5	[0][1][0][0][0]
	236	15	[1][1][0][1][0]
	237	5	[0][1][0][0][0]
	238	11	[1][0][1][0][0]
	239	8	[1][0][0][0][0]
	240	5	[0][1][0][0][0]
	241	17	[1][1][1][0][0]
	242	5	[0][1][0][0][0]
	243	5	[0][1][0][0][0]
	244	8	[1][0][0][0][0]
	245	15	[1][1][0][1][0]
	246	8	[1][0][0][0][0]
	247	17	[1][1][1][0][0]
	248	5	[0][1][0][0][0]
	249	8	[1][0][0][0][0]
	250	1	[0][0][0][1][0]
	251	17	[1][1][1][0][0]
	252	1	[0][0][0][1][0]
	253	5	[0][1][0][0][0]
	254	8	[1][0][0][0][0]
	255	1	[0][0][0][1][0]
	256	8	[1][0][0][0][0]
	257	19	[1][1][1][1][0]
	258	5	[0][1][0][0][0]
	259	9	[1][0][0][0][1]
	260	1	[0][0][0][1][0]
	261	17	[1][1][1][0][0]
	262	1	[0][0][0][1][0]
	263	5	[0][1][0][0][0]
	264	8	[1][0][0][0][0]
	265	15	[1][1][0][1][0]
	266	17	[1][1][1][0][0]
	267	1	[0][0][0][1][0]
	268	5	[0][1][0][0][0]
	269	8	[1][0][0][0][0]
	270	19	[1][1][1][1][0]
	271	17	[1][1][1][0][0]
	272	1	[0][0][0][1][0]
	273	5	[0][1][0][0][0]
	274	8	[1][0][0][0][0]
	275	15	[1][1][0][1][0]
	276	17	[1][1][1][0][0]
	277	1	[0][0][0][1][0]
	278	5	[0][1][0][0][0]
	279	8	[1][0][0][0][0]
	280	15	[1][1][0][1][0]
	281	5	[0][1][0][0][0]
	282	1	[0][0][0][1][0]
	283	5	[0][1][0][0][0]
	284	8	[1][0][0][0][0]
	285	17	[1][1][1][0][0]
	286	17	[1][1][1][0][0]
	287	1	[0][0][0][1][0]
	288	5	[0][1][0][0][0]
	289	17	[1][1][1][0][0]
	290	1	[0][0][0][1][0]
	291	15	[1][1][0][1][0]
	292	6	[0][1][1][0][1]
	293	5	[0][1][0][0][0]
	294	8	[1][0][0][0][0]
	295	15	[1][1][0][1][0]
	296	17	[1][1][1][0][0]
	297	1	[0][0][0][1][0]
	298	17	[1][1][1][0][0]
	299	8	[1][0][0][0][0]
	300	15	[1][1][0][1][0]
	301	17	[1][1][1][0][0]
	302	5	[0][1][0][0][0]
	303	5	[0][1][0][0][0]
	304	8	[1][0][0][0][0]
	305	15	[1][1][0][1][0]
	306	18	[1][1][1][0][1]
	307	1	[0][0][0][1][0]
	308	17	[1][1][1][0][0]
	309	8	[1][0][0][0][0]
	310	5	[0][1][0][0][0]
	311	5	[0][1][0][0][0]
	312	8	[1][0][0][0][0]
	313	5	[0][1][0][0][0]
	314	15	[1][1][0][1][0]
	315	1	[0][0][0][1][0]
	316	15	[1][1][0][1][0]
	317	15	[1][1][0][1][0]
	318	15	[1][1][0][1][0]
	319	8	[1][0][0][0][0]
	320	3	[0][0][1][1][0]
	321	5	[0][1][0][0][0]
	322	8	[1][0][0][0][0]
	323	5	[0][1][0][0][0]
	324	19	[1][1][1][1][0]
	325	12	[1][0][1][0][1]
	326	15	[1][1][0][1][0]
	327	8	[1][0][0][0][0]
	328	5	[0][1][0][0][0]
	329	5	[0][1][0][0][0]
	330	1	[0][0][0][1][0]
	331	5	[0][1][0][0][0]
	332	8	[1][0][0][0][0]
	333	5	[0][1][0][0][0]
	334	15	[1][1][0][1][0]
	335	5	[0][1][0][0][0]
	336	8	[1][0][0][0][0]
	337	7	[0][1][1][1][0]
	338	8	[1][0][0][0][0]
	339	15	[1][1][0][1][0]
	340	5	[0][1][0][0][0]
	341	5	[0][1][0][0][0]
	342	1	[0][0][0][1][0]
	343	15	[1][1][0][1][0]
	344	5	[0][1][0][0][0]
	345	5	[0][1][0][0][0]
	346	8	[1][0][0][0][0]
	347	5	[0][1][0][0][0]
	348	17	[1][1][1][0][0]
	349	0	[0][0][0][0][1]
	350	19	[1][1][1][1][0]
	351	16	[1][1][0][1][1]
	352	5	[0][1][0][0][0]
	353	5	[0][1][0][0][0]
	354	17	[1][1][1][0][0]
	355	8	[1][0][0][0][0]
	356	5	[0][1][0][0][0]
	357	5	[0][1][0][0][0]
	358	13	[1][0][1][1][1]
	359	5	[0][1][0][0][0]
	360	8	[1][0][0][0][0]
	361	5	[0][1][0][0][0]
	362	5	[0][1][0][0][0]
	363	2	[0][0][1][0][1]
	364	5	[0][1][0][0][0]
	365	7	[0][1][1][1][0]
	366	5	[0][1][0][0][0]
	367	8	[1][0][0][0][0]
	368	5	[0][1][0][0][0]
	369	3	[0][0][1][1][0]
	370	14	[1][1][0][0][1]
	371	5	[0][1][0][0][0]
	372	11	[1][0][1][0][0]
	373	5	[0][1][0][0][0]
	374	8	[1][0][0][0][0]
	375	17	[1][1][1][0][0]
	376	5	[0][1][0][0][0]
	377	8	[1][0][0][0][0]
	378	5	[0][1][0][0][0]
	379	15	[1][1][0][1][0]
	380	9	[1][0][0][0][1]
	381	3	[0][0][1][1][0]
	382	19	[1][1][1][1][0]
	383	5	[0][1][0][0][0]
	384	5	[0][1][0][0][0]
	385	8	[1][0][0][0][0]
	386	5	[0][1][0][0][0]
	387	1	[0][0][0][1][0]
	388	5	[0][1][0][0][0]
	389	8	[1][0][0][0][0]
	390	5	[0][1][0][0][0]
	391	5	[0][1][0][0][0]
	392	15	[1][1][0][1][0]
	393	11	[1][0][1][0][0]
	394	5	[0][1][0][0][0]
	395	5	[0][1][0][0][0]
	396	13	[1][0][1][1][1]
	397	5	[0][1][0][0][0]
	398	19	[1][1][1][1][0]
	399	5	[0][1][0][0][0]
	400	19	[1][1][1][1][0]