400 5 21
1 2 1 2 1 
2 3 3 5 5 
0 13 0 0 0 0 1
1 34 0 0 0 1 0
2 6 0 0 1 0 1
3 15 0 0 1 1 0
4 1 0 0 1 1 1
5 106 0 1 0 0 0
6 8 0 1 1 0 1
7 20 0 1 1 1 0
8 54 1 0 0 0 0
9 6 1 0 0 0 1
10 5 1 0 0 1 1
11 21 1 0 1 0 0
12 1 1 0 1 0 1
13 3 1 0 1 1 1
14 11 1 1 0 0 1
15 33 1 1 0 1 0
16 10 1 1 0 1 1
17 27 1 1 1 0 0
18 5 1 1 1 0 1
19 19 1 1 1 1 0
20 2 1 1 1 1 1

Cantidad de restricciones violadas (solucion Greedy): 181
Tiempo de ejecucion :378.664 milisegundos
Cantidad de restricciones violadas (solucion final): 70
Tiempo de ejecucion :3781.49 milisegundos
Cantidad de iteraciones: 73
---------------------------------------
Nro. Auto   Clase	Opciones
---------------------------------------

	1	8	[1][0][0][0][0]
	2	1	[0][0][0][1][0]
	3	5	[0][1][0][0][0]
	4	2	[0][0][1][0][1]
	5	5	[0][1][0][0][0]
	6	5	[0][1][0][0][0]
	7	4	[0][0][1][1][1]
	8	5	[0][1][0][0][0]
	9	5	[0][1][0][0][0]
	10	9	[1][0][0][0][1]
	11	6	[0][1][1][0][1]
	12	9	[1][0][0][0][1]
	13	10	[1][0][0][1][1]
	14	11	[1][0][1][0][0]
	15	14	[1][1][0][0][1]
	16	5	[0][1][0][0][0]
	17	14	[1][1][0][0][1]
	18	15	[1][1][0][1][0]
	19	16	[1][1][0][1][1]
	20	17	[1][1][1][0][0]
	21	0	[0][0][0][0][1]
	22	8	[1][0][0][0][0]
	23	5	[0][1][0][0][0]
	24	19	[1][1][1][1][0]
	25	1	[0][0][0][1][0]
	26	2	[0][0][1][0][1]
	27	5	[0][1][0][0][0]
	28	5	[0][1][0][0][0]
	29	6	[0][1][1][0][1]
	30	10	[1][0][0][1][1]
	31	5	[0][1][0][0][0]
	32	5	[0][1][0][0][0]
	33	11	[1][0][1][0][0]
	34	5	[0][1][0][0][0]
	35	15	[1][1][0][1][0]
	36	2	[0][0][1][0][1]
	37	18	[1][1][1][0][1]
	38	5	[0][1][0][0][0]
	39	0	[0][0][0][0][1]
	40	17	[1][1][1][0][0]
	41	3	[0][0][1][1][0]
	42	6	[0][1][1][0][1]
	43	5	[0][1][0][0][0]
	44	11	[1][0][1][0][0]
	45	5	[0][1][0][0][0]
	46	15	[1][1][0][1][0]
	47	18	[1][1][1][0][1]
	48	5	[0][1][0][0][0]
	49	1	[0][0][0][1][0]
	50	2	[0][0][1][0][1]
	51	5	[0][1][0][0][0]
	52	7	[0][1][1][1][0]
	53	5	[0][1][0][0][0]
	54	15	[1][1][0][1][0]
	55	18	[1][1][1][0][1]
	56	0	[0][0][0][0][1]
	57	3	[0][0][1][1][0]
	58	6	[0][1][1][0][1]
	59	3	[0][0][1][1][0]
	60	11	[1][0][1][0][0]
	61	5	[0][1][0][0][0]
	62	8	[1][0][0][0][0]
	63	18	[1][1][1][0][1]
	64	19	[1][1][1][1][0]
	65	1	[0][0][0][1][0]
	66	16	[1][1][0][1][1]
	67	6	[0][1][1][0][1]
	68	9	[1][0][0][0][1]
	69	14	[1][1][0][0][1]
	70	0	[0][0][0][0][1]
	71	18	[1][1][1][0][1]
	72	1	[0][0][0][1][0]
	73	5	[0][1][0][0][0]
	74	14	[1][1][0][0][1]
	75	8	[1][0][0][0][0]
	76	5	[0][1][0][0][0]
	77	5	[0][1][0][0][0]
	78	20	[1][1][1][1][1]
	79	3	[0][0][1][1][0]
	80	8	[1][0][0][0][0]
	81	8	[1][0][0][0][0]
	82	1	[0][0][0][1][0]
	83	6	[0][1][1][0][1]
	84	8	[1][0][0][0][0]
	85	1	[0][0][0][1][0]
	86	6	[0][1][1][0][1]
	87	14	[1][1][0][0][1]
	88	0	[0][0][0][0][1]
	89	0	[0][0][0][0][1]
	90	8	[1][0][0][0][0]
	91	5	[0][1][0][0][0]
	92	19	[1][1][1][1][0]
	93	5	[0][1][0][0][0]
	94	8	[1][0][0][0][0]
	95	16	[1][1][0][1][1]
	96	2	[0][0][1][0][1]
	97	5	[0][1][0][0][0]
	98	8	[1][0][0][0][0]
	99	16	[1][1][0][1][1]
	100	5	[0][1][0][0][0]
	101	16	[1][1][0][1][1]
	102	5	[0][1][0][0][0]
	103	8	[1][0][0][0][0]
	104	9	[1][0][0][0][1]
	105	19	[1][1][1][1][0]
	106	5	[0][1][0][0][0]
	107	11	[1][0][1][0][0]
	108	14	[1][1][0][0][1]
	109	5	[0][1][0][0][0]
	110	8	[1][0][0][0][0]
	111	14	[1][1][0][0][1]
	112	5	[0][1][0][0][0]
	113	3	[0][0][1][1][0]
	114	19	[1][1][1][1][0]
	115	15	[1][1][0][1][0]
	116	8	[1][0][0][0][0]
	117	11	[1][0][1][0][0]
	118	7	[0][1][1][1][0]
	119	0	[0][0][0][0][1]
	120	5	[0][1][0][0][0]
	121	5	[0][1][0][0][0]
	122	9	[1][0][0][0][1]
	123	7	[0][1][1][1][0]
	124	19	[1][1][1][1][0]
	125	3	[0][0][1][1][0]
	126	19	[1][1][1][1][0]
	127	15	[1][1][0][1][0]
	128	0	[0][0][0][0][1]
	129	3	[0][0][1][1][0]
	130	11	[1][0][1][0][0]
	131	0	[0][0][0][0][1]
	132	14	[1][1][0][0][1]
	133	5	[0][1][0][0][0]
	134	15	[1][1][0][1][0]
	135	7	[0][1][1][1][0]
	136	5	[0][1][0][0][0]
	137	11	[1][0][1][0][0]
	138	14	[1][1][0][0][1]
	139	7	[0][1][1][1][0]
	140	11	[1][0][1][0][0]
	141	19	[1][1][1][1][0]
	142	0	[0][0][0][0][1]
	143	5	[0][1][0][0][0]
	144	1	[0][0][0][1][0]
	145	17	[1][1][1][0][0]
	146	14	[1][1][0][0][1]
	147	8	[1][0][0][0][0]
	148	5	[0][1][0][0][0]
	149	8	[1][0][0][0][0]
	150	7	[0][1][1][1][0]
	151	8	[1][0][0][0][0]
	152	5	[0][1][0][0][0]
	153	8	[1][0][0][0][0]
	154	3	[0][0][1][1][0]
	155	8	[1][0][0][0][0]
	156	7	[0][1][1][1][0]
	157	5	[0][1][0][0][0]
	158	7	[0][1][1][1][0]
	159	8	[1][0][0][0][0]
	160	5	[0][1][0][0][0]
	161	8	[1][0][0][0][0]
	162	7	[0][1][1][1][0]
	163	11	[1][0][1][0][0]
	164	7	[0][1][1][1][0]
	165	8	[1][0][0][0][0]
	166	7	[0][1][1][1][0]
	167	5	[0][1][0][0][0]
	168	3	[0][0][1][1][0]
	169	5	[0][1][0][0][0]
	170	12	[1][0][1][0][1]
	171	5	[0][1][0][0][0]
	172	7	[0][1][1][1][0]
	173	5	[0][1][0][0][0]
	174	8	[1][0][0][0][0]
	175	1	[0][0][0][1][0]
	176	8	[1][0][0][0][0]
	177	19	[1][1][1][1][0]
	178	3	[0][0][1][1][0]
	179	19	[1][1][1][1][0]
	180	17	[1][1][1][0][0]
	181	8	[1][0][0][0][0]
	182	15	[1][1][0][1][0]
	183	7	[0][1][1][1][0]
	184	8	[1][0][0][0][0]
	185	7	[0][1][1][1][0]
	186	5	[0][1][0][0][0]
	187	3	[0][0][1][1][0]
	188	1	[0][0][0][1][0]
	189	0	[0][0][0][0][1]
	190	19	[1][1][1][1][0]
	191	10	[1][0][0][1][1]
	192	5	[0][1][0][0][0]
	193	7	[0][1][1][1][0]
	194	19	[1][1][1][1][0]
	195	0	[0][0][0][0][1]
	196	15	[1][1][0][1][0]
	197	3	[0][0][1][1][0]
	198	5	[0][1][0][0][0]
	199	11	[1][0][1][0][0]
	200	19	[1][1][1][1][0]
	201	3	[0][0][1][1][0]
	202	15	[1][1][0][1][0]
	203	16	[1][1][0][1][1]
	204	17	[1][1][1][0][0]
	205	19	[1][1][1][1][0]
	206	19	[1][1][1][1][0]
	207	3	[0][0][1][1][0]
	208	8	[1][0][0][0][0]
	209	7	[0][1][1][1][0]
	210	15	[1][1][0][1][0]
	211	19	[1][1][1][1][0]
	212	17	[1][1][1][0][0]
	213	2	[0][0][1][0][1]
	214	5	[0][1][0][0][0]
	215	5	[0][1][0][0][0]
	216	11	[1][0][1][0][0]
	217	19	[1][1][1][1][0]
	218	1	[0][0][0][1][0]
	219	5	[0][1][0][0][0]
	220	15	[1][1][0][1][0]
	221	7	[0][1][1][1][0]
	222	8	[1][0][0][0][0]
	223	5	[0][1][0][0][0]
	224	8	[1][0][0][0][0]
	225	11	[1][0][1][0][0]
	226	5	[0][1][0][0][0]
	227	15	[1][1][0][1][0]
	228	3	[0][0][1][1][0]
	229	17	[1][1][1][0][0]
	230	5	[0][1][0][0][0]
	231	5	[0][1][0][0][0]
	232	16	[1][1][0][1][1]
	233	8	[1][0][0][0][0]
	234	15	[1][1][0][1][0]
	235	5	[0][1][0][0][0]
	236	15	[1][1][0][1][0]
	237	5	[0][1][0][0][0]
	238	11	[1][0][1][0][0]
	239	8	[1][0][0][0][0]
	240	15	[1][1][0][1][0]
	241	17	[1][1][1][0][0]
	242	1	[0][0][0][1][0]
	243	5	[0][1][0][0][0]
	244	8	[1][0][0][0][0]
	245	15	[1][1][0][1][0]
	246	17	[1][1][1][0][0]
	247	1	[0][0][0][1][0]
	248	17	[1][1][1][0][0]
	249	8	[1][0][0][0][0]
	250	1	[0][0][0][1][0]
	251	17	[1][1][1][0][0]
	252	1	[0][0][0][1][0]
	253	5	[0][1][0][0][0]
	254	14	[1][1][0][0][1]
	255	17	[1][1][1][0][0]
	256	8	[1][0][0][0][0]
	257	1	[0][0][0][1][0]
	258	15	[1][1][0][1][0]
	259	17	[1][1][1][0][0]
	260	1	[0][0][0][1][0]
	261	17	[1][1][1][0][0]
	262	5	[0][1][0][0][0]
	263	5	[0][1][0][0][0]
	264	8	[1][0][0][0][0]
	265	15	[1][1][0][1][0]
	266	5	[0][1][0][0][0]
	267	1	[0][0][0][1][0]
	268	5	[0][1][0][0][0]
	269	8	[1][0][0][0][0]
	270	15	[1][1][0][1][0]
	271	17	[1][1][1][0][0]
	272	1	[0][0][0][1][0]
	273	5	[0][1][0][0][0]
	274	8	[1][0][0][0][0]
	275	15	[1][1][0][1][0]
	276	17	[1][1][1][0][0]
	277	1	[0][0][0][1][0]
	278	8	[1][0][0][0][0]
	279	17	[1][1][1][0][0]
	280	15	[1][1][0][1][0]
	281	17	[1][1][1][0][0]
	282	1	[0][0][0][1][0]
	283	5	[0][1][0][0][0]
	284	8	[1][0][0][0][0]
	285	17	[1][1][1][0][0]
	286	5	[0][1][0][0][0]
	287	1	[0][0][0][1][0]
	288	5	[0][1][0][0][0]
	289	17	[1][1][1][0][0]
	290	1	[0][0][0][1][0]
	291	8	[1][0][0][0][0]
	292	1	[0][0][0][1][0]
	293	5	[0][1][0][0][0]
	294	8	[1][0][0][0][0]
	295	5	[0][1][0][0][0]
	296	7	[0][1][1][1][0]
	297	1	[0][0][0][1][0]
	298	8	[1][0][0][0][0]
	299	0	[0][0][0][0][1]
	300	15	[1][1][0][1][0]
	301	17	[1][1][1][0][0]
	302	1	[0][0][0][1][0]
	303	5	[0][1][0][0][0]
	304	8	[1][0][0][0][0]
	305	15	[1][1][0][1][0]
	306	17	[1][1][1][0][0]
	307	1	[0][0][0][1][0]
	308	5	[0][1][0][0][0]
	309	8	[1][0][0][0][0]
	310	5	[0][1][0][0][0]
	311	15	[1][1][0][1][0]
	312	5	[0][1][0][0][0]
	313	8	[1][0][0][0][0]
	314	15	[1][1][0][1][0]
	315	1	[0][0][0][1][0]
	316	15	[1][1][0][1][0]
	317	15	[1][1][0][1][0]
	318	1	[0][0][0][1][0]
	319	8	[1][0][0][0][0]
	320	15	[1][1][0][1][0]
	321	8	[1][0][0][0][0]
	322	5	[0][1][0][0][0]
	323	8	[1][0][0][0][0]
	324	5	[0][1][0][0][0]
	325	16	[1][1][0][1][1]
	326	5	[0][1][0][0][0]
	327	8	[1][0][0][0][0]
	328	5	[0][1][0][0][0]
	329	11	[1][0][1][0][0]
	330	5	[0][1][0][0][0]
	331	5	[0][1][0][0][0]
	332	8	[1][0][0][0][0]
	333	11	[1][0][1][0][0]
	334	15	[1][1][0][1][0]
	335	5	[0][1][0][0][0]
	336	8	[1][0][0][0][0]
	337	19	[1][1][1][1][0]
	338	15	[1][1][0][1][0]
	339	5	[0][1][0][0][0]
	340	8	[1][0][0][0][0]
	341	5	[0][1][0][0][0]
	342	8	[1][0][0][0][0]
	343	5	[0][1][0][0][0]
	344	5	[0][1][0][0][0]
	345	7	[0][1][1][1][0]
	346	8	[1][0][0][0][0]
	347	13	[1][0][1][1][1]
	348	5	[0][1][0][0][0]
	349	5	[0][1][0][0][0]
	350	11	[1][0][1][0][0]
	351	5	[0][1][0][0][0]
	352	15	[1][1][0][1][0]
	353	10	[1][0][0][1][1]
	354	5	[0][1][0][0][0]
	355	5	[0][1][0][0][0]
	356	19	[1][1][1][1][0]
	357	5	[0][1][0][0][0]
	358	1	[0][0][0][1][0]
	359	5	[0][1][0][0][0]
	360	17	[1][1][1][0][0]
	361	7	[0][1][1][1][0]
	362	20	[1][1][1][1][1]
	363	11	[1][0][1][0][0]
	364	5	[0][1][0][0][0]
	365	5	[0][1][0][0][0]
	366	16	[1][1][0][1][1]
	367	11	[1][0][1][0][0]
	368	5	[0][1][0][0][0]
	369	1	[0][0][0][1][0]
	370	5	[0][1][0][0][0]
	371	10	[1][0][0][1][1]
	372	5	[0][1][0][0][0]
	373	5	[0][1][0][0][0]
	374	17	[1][1][1][0][0]
	375	5	[0][1][0][0][0]
	376	8	[1][0][0][0][0]
	377	17	[1][1][1][0][0]
	378	5	[0][1][0][0][0]
	379	1	[0][0][0][1][0]
	380	11	[1][0][1][0][0]
	381	9	[1][0][0][0][1]
	382	5	[0][1][0][0][0]
	383	5	[0][1][0][0][0]
	384	15	[1][1][0][1][0]
	385	5	[0][1][0][0][0]
	386	11	[1][0][1][0][0]
	387	5	[0][1][0][0][0]
	388	5	[0][1][0][0][0]
	389	13	[1][0][1][1][1]
	390	5	[0][1][0][0][0]
	391	1	[0][0][0][1][0]
	392	13	[1][0][1][1][1]
	393	5	[0][1][0][0][0]
	394	5	[0][1][0][0][0]
	395	17	[1][1][1][0][0]
	396	1	[0][0][0][1][0]
	397	16	[1][1][0][1][1]
	398	5	[0][1][0][0][0]
	399	17	[1][1][1][0][0]
	400	6	[0][1][1][0][1]