400 5 21
1 2 1 2 1 
2 3 3 5 5 
0 13 0 0 0 0 1
1 34 0 0 0 1 0
2 6 0 0 1 0 1
3 15 0 0 1 1 0
4 1 0 0 1 1 1
5 106 0 1 0 0 0
6 8 0 1 1 0 1
7 20 0 1 1 1 0
8 54 1 0 0 0 0
9 6 1 0 0 0 1
10 5 1 0 0 1 1
11 21 1 0 1 0 0
12 1 1 0 1 0 1
13 3 1 0 1 1 1
14 11 1 1 0 0 1
15 33 1 1 0 1 0
16 10 1 1 0 1 1
17 27 1 1 1 0 0
18 5 1 1 1 0 1
19 19 1 1 1 1 0
20 2 1 1 1 1 1

Cantidad de restricciones violadas (solucion Greedy): 181
Tiempo de ejecucion :380.442 milisegundos
Cantidad de restricciones violadas (solucion final): 63
Tiempo de ejecucion :3984.19 milisegundos
Cantidad de iteraciones: 78
---------------------------------------
Nro. Auto   Clase	Opciones
---------------------------------------

	1	0	[0][0][0][0][1]
	2	19	[1][1][1][1][0]
	3	1	[0][0][0][1][0]
	4	5	[0][1][0][0][0]
	5	5	[0][1][0][0][0]
	6	10	[1][0][0][1][1]
	7	5	[0][1][0][0][0]
	8	15	[1][1][0][1][0]
	9	5	[0][1][0][0][0]
	10	9	[1][0][0][0][1]
	11	14	[1][1][0][0][1]
	12	3	[0][0][1][1][0]
	13	10	[1][0][0][1][1]
	14	11	[1][0][1][0][0]
	15	14	[1][1][0][0][1]
	16	1	[0][0][0][1][0]
	17	0	[0][0][0][0][1]
	18	15	[1][1][0][1][0]
	19	5	[0][1][0][0][0]
	20	17	[1][1][1][0][0]
	21	0	[0][0][0][0][1]
	22	8	[1][0][0][0][0]
	23	5	[0][1][0][0][0]
	24	8	[1][0][0][0][0]
	25	1	[0][0][0][1][0]
	26	15	[1][1][0][1][0]
	27	8	[1][0][0][0][0]
	28	5	[0][1][0][0][0]
	29	6	[0][1][1][0][1]
	30	5	[0][1][0][0][0]
	31	8	[1][0][0][0][0]
	32	5	[0][1][0][0][0]
	33	11	[1][0][1][0][0]
	34	13	[1][0][1][1][1]
	35	8	[1][0][0][0][0]
	36	16	[1][1][0][1][1]
	37	17	[1][1][1][0][0]
	38	1	[0][0][0][1][0]
	39	8	[1][0][0][0][0]
	40	2	[0][0][1][0][1]
	41	3	[0][0][1][1][0]
	42	19	[1][1][1][1][0]
	43	8	[1][0][0][0][0]
	44	5	[0][1][0][0][0]
	45	12	[1][0][1][0][1]
	46	15	[1][1][0][1][0]
	47	18	[1][1][1][0][1]
	48	6	[0][1][1][0][1]
	49	1	[0][0][0][1][0]
	50	8	[1][0][0][0][0]
	51	6	[0][1][1][0][1]
	52	7	[0][1][1][1][0]
	53	11	[1][0][1][0][0]
	54	15	[1][1][0][1][0]
	55	18	[1][1][1][0][1]
	56	5	[0][1][0][0][0]
	57	3	[0][0][1][1][0]
	58	8	[1][0][0][0][0]
	59	5	[0][1][0][0][0]
	60	11	[1][0][1][0][0]
	61	14	[1][1][0][0][1]
	62	15	[1][1][0][1][0]
	63	5	[0][1][0][0][0]
	64	19	[1][1][1][1][0]
	65	1	[0][0][0][1][0]
	66	0	[0][0][0][0][1]
	67	6	[0][1][1][0][1]
	68	15	[1][1][0][1][0]
	69	14	[1][1][0][0][1]
	70	0	[0][0][0][0][1]
	71	18	[1][1][1][0][1]
	72	1	[0][0][0][1][0]
	73	5	[0][1][0][0][0]
	74	6	[0][1][1][0][1]
	75	8	[1][0][0][0][0]
	76	15	[1][1][0][1][0]
	77	5	[0][1][0][0][0]
	78	20	[1][1][1][1][1]
	79	3	[0][0][1][1][0]
	80	8	[1][0][0][0][0]
	81	14	[1][1][0][0][1]
	82	1	[0][0][0][1][0]
	83	6	[0][1][1][0][1]
	84	8	[1][0][0][0][0]
	85	14	[1][1][0][0][1]
	86	6	[0][1][1][0][1]
	87	13	[1][0][1][1][1]
	88	5	[0][1][0][0][0]
	89	0	[0][0][0][0][1]
	90	8	[1][0][0][0][0]
	91	5	[0][1][0][0][0]
	92	19	[1][1][1][1][0]
	93	5	[0][1][0][0][0]
	94	8	[1][0][0][0][0]
	95	16	[1][1][0][1][1]
	96	2	[0][0][1][0][1]
	97	5	[0][1][0][0][0]
	98	11	[1][0][1][0][0]
	99	16	[1][1][0][1][1]
	100	5	[0][1][0][0][0]
	101	16	[1][1][0][1][1]
	102	5	[0][1][0][0][0]
	103	8	[1][0][0][0][0]
	104	5	[0][1][0][0][0]
	105	11	[1][0][1][0][0]
	106	5	[0][1][0][0][0]
	107	11	[1][0][1][0][0]
	108	14	[1][1][0][0][1]
	109	5	[0][1][0][0][0]
	110	8	[1][0][0][0][0]
	111	5	[0][1][0][0][0]
	112	14	[1][1][0][0][1]
	113	3	[0][0][1][1][0]
	114	19	[1][1][1][1][0]
	115	5	[0][1][0][0][0]
	116	8	[1][0][0][0][0]
	117	3	[0][0][1][1][0]
	118	7	[0][1][1][1][0]
	119	0	[0][0][0][0][1]
	120	5	[0][1][0][0][0]
	121	5	[0][1][0][0][0]
	122	14	[1][1][0][0][1]
	123	1	[0][0][0][1][0]
	124	19	[1][1][1][1][0]
	125	3	[0][0][1][1][0]
	126	19	[1][1][1][1][0]
	127	15	[1][1][0][1][0]
	128	8	[1][0][0][0][0]
	129	3	[0][0][1][1][0]
	130	5	[0][1][0][0][0]
	131	2	[0][0][1][0][1]
	132	16	[1][1][0][1][1]
	133	5	[0][1][0][0][0]
	134	15	[1][1][0][1][0]
	135	7	[0][1][1][1][0]
	136	1	[0][0][0][1][0]
	137	17	[1][1][1][0][0]
	138	1	[0][0][0][1][0]
	139	7	[0][1][1][1][0]
	140	11	[1][0][1][0][0]
	141	19	[1][1][1][1][0]
	142	0	[0][0][0][0][1]
	143	5	[0][1][0][0][0]
	144	1	[0][0][0][1][0]
	145	19	[1][1][1][1][0]
	146	5	[0][1][0][0][0]
	147	8	[1][0][0][0][0]
	148	19	[1][1][1][1][0]
	149	8	[1][0][0][0][0]
	150	15	[1][1][0][1][0]
	151	5	[0][1][0][0][0]
	152	11	[1][0][1][0][0]
	153	8	[1][0][0][0][0]
	154	5	[0][1][0][0][0]
	155	8	[1][0][0][0][0]
	156	7	[0][1][1][1][0]
	157	17	[1][1][1][0][0]
	158	7	[0][1][1][1][0]
	159	5	[0][1][0][0][0]
	160	8	[1][0][0][0][0]
	161	8	[1][0][0][0][0]
	162	7	[0][1][1][1][0]
	163	8	[1][0][0][0][0]
	164	7	[0][1][1][1][0]
	165	8	[1][0][0][0][0]
	166	7	[0][1][1][1][0]
	167	17	[1][1][1][0][0]
	168	3	[0][0][1][1][0]
	169	16	[1][1][0][1][1]
	170	5	[0][1][0][0][0]
	171	11	[1][0][1][0][0]
	172	5	[0][1][0][0][0]
	173	5	[0][1][0][0][0]
	174	17	[1][1][1][0][0]
	175	1	[0][0][0][1][0]
	176	0	[0][0][0][0][1]
	177	19	[1][1][1][1][0]
	178	17	[1][1][1][0][0]
	179	7	[0][1][1][1][0]
	180	17	[1][1][1][0][0]
	181	16	[1][1][0][1][1]
	182	15	[1][1][0][1][0]
	183	5	[0][1][0][0][0]
	184	8	[1][0][0][0][0]
	185	7	[0][1][1][1][0]
	186	5	[0][1][0][0][0]
	187	8	[1][0][0][0][0]
	188	1	[0][0][0][1][0]
	189	0	[0][0][0][0][1]
	190	17	[1][1][1][0][0]
	191	5	[0][1][0][0][0]
	192	4	[0][0][1][1][1]
	193	5	[0][1][0][0][0]
	194	19	[1][1][1][1][0]
	195	14	[1][1][0][0][1]
	196	1	[0][0][0][1][0]
	197	3	[0][0][1][1][0]
	198	5	[0][1][0][0][0]
	199	5	[0][1][0][0][0]
	200	19	[1][1][1][1][0]
	201	3	[0][0][1][1][0]
	202	15	[1][1][0][1][0]
	203	16	[1][1][0][1][1]
	204	3	[0][0][1][1][0]
	205	5	[0][1][0][0][0]
	206	19	[1][1][1][1][0]
	207	9	[1][0][0][0][1]
	208	5	[0][1][0][0][0]
	209	7	[0][1][1][1][0]
	210	9	[1][0][0][0][1]
	211	5	[0][1][0][0][0]
	212	11	[1][0][1][0][0]
	213	17	[1][1][1][0][0]
	214	5	[0][1][0][0][0]
	215	17	[1][1][1][0][0]
	216	8	[1][0][0][0][0]
	217	3	[0][0][1][1][0]
	218	15	[1][1][0][1][0]
	219	5	[0][1][0][0][0]
	220	13	[1][0][1][1][1]
	221	8	[1][0][0][0][0]
	222	8	[1][0][0][0][0]
	223	19	[1][1][1][1][0]
	224	8	[1][0][0][0][0]
	225	5	[0][1][0][0][0]
	226	11	[1][0][1][0][0]
	227	11	[1][0][1][0][0]
	228	7	[0][1][1][1][0]
	229	17	[1][1][1][0][0]
	230	5	[0][1][0][0][0]
	231	16	[1][1][0][1][1]
	232	5	[0][1][0][0][0]
	233	5	[0][1][0][0][0]
	234	15	[1][1][0][1][0]
	235	20	[1][1][1][1][1]
	236	15	[1][1][0][1][0]
	237	5	[0][1][0][0][0]
	238	11	[1][0][1][0][0]
	239	8	[1][0][0][0][0]
	240	15	[1][1][0][1][0]
	241	17	[1][1][1][0][0]
	242	1	[0][0][0][1][0]
	243	5	[0][1][0][0][0]
	244	8	[1][0][0][0][0]
	245	5	[0][1][0][0][0]
	246	17	[1][1][1][0][0]
	247	1	[0][0][0][1][0]
	248	9	[1][0][0][0][1]
	249	7	[0][1][1][1][0]
	250	1	[0][0][0][1][0]
	251	18	[1][1][1][0][1]
	252	1	[0][0][0][1][0]
	253	5	[0][1][0][0][0]
	254	5	[0][1][0][0][0]
	255	17	[1][1][1][0][0]
	256	8	[1][0][0][0][0]
	257	1	[0][0][0][1][0]
	258	5	[0][1][0][0][0]
	259	17	[1][1][1][0][0]
	260	1	[0][0][0][1][0]
	261	17	[1][1][1][0][0]
	262	1	[0][0][0][1][0]
	263	0	[0][0][0][0][1]
	264	8	[1][0][0][0][0]
	265	15	[1][1][0][1][0]
	266	5	[0][1][0][0][0]
	267	1	[0][0][0][1][0]
	268	5	[0][1][0][0][0]
	269	8	[1][0][0][0][0]
	270	7	[0][1][1][1][0]
	271	17	[1][1][1][0][0]
	272	1	[0][0][0][1][0]
	273	5	[0][1][0][0][0]
	274	6	[0][1][1][0][1]
	275	15	[1][1][0][1][0]
	276	5	[0][1][0][0][0]
	277	1	[0][0][0][1][0]
	278	17	[1][1][1][0][0]
	279	8	[1][0][0][0][0]
	280	15	[1][1][0][1][0]
	281	8	[1][0][0][0][0]
	282	1	[0][0][0][1][0]
	283	5	[0][1][0][0][0]
	284	8	[1][0][0][0][0]
	285	3	[0][0][1][1][0]
	286	17	[1][1][1][0][0]
	287	1	[0][0][0][1][0]
	288	14	[1][1][0][0][1]
	289	17	[1][1][1][0][0]
	290	1	[0][0][0][1][0]
	291	17	[1][1][1][0][0]
	292	1	[0][0][0][1][0]
	293	5	[0][1][0][0][0]
	294	8	[1][0][0][0][0]
	295	5	[0][1][0][0][0]
	296	17	[1][1][1][0][0]
	297	1	[0][0][0][1][0]
	298	15	[1][1][0][1][0]
	299	2	[0][0][1][0][1]
	300	15	[1][1][0][1][0]
	301	17	[1][1][1][0][0]
	302	5	[0][1][0][0][0]
	303	5	[0][1][0][0][0]
	304	8	[1][0][0][0][0]
	305	15	[1][1][0][1][0]
	306	17	[1][1][1][0][0]
	307	1	[0][0][0][1][0]
	308	5	[0][1][0][0][0]
	309	8	[1][0][0][0][0]
	310	1	[0][0][0][1][0]
	311	5	[0][1][0][0][0]
	312	17	[1][1][1][0][0]
	313	0	[0][0][0][0][1]
	314	15	[1][1][0][1][0]
	315	1	[0][0][0][1][0]
	316	15	[1][1][0][1][0]
	317	2	[0][0][1][0][1]
	318	15	[1][1][0][1][0]
	319	5	[0][1][0][0][0]
	320	7	[0][1][1][1][0]
	321	8	[1][0][0][0][0]
	322	5	[0][1][0][0][0]
	323	8	[1][0][0][0][0]
	324	19	[1][1][1][1][0]
	325	5	[0][1][0][0][0]
	326	8	[1][0][0][0][0]
	327	5	[0][1][0][0][0]
	328	15	[1][1][0][1][0]
	329	15	[1][1][0][1][0]
	330	5	[0][1][0][0][0]
	331	11	[1][0][1][0][0]
	332	8	[1][0][0][0][0]
	333	5	[0][1][0][0][0]
	334	8	[1][0][0][0][0]
	335	5	[0][1][0][0][0]
	336	10	[1][0][0][1][1]
	337	5	[0][1][0][0][0]
	338	3	[0][0][1][1][0]
	339	5	[0][1][0][0][0]
	340	8	[1][0][0][0][0]
	341	5	[0][1][0][0][0]
	342	11	[1][0][1][0][0]
	343	5	[0][1][0][0][0]
	344	7	[0][1][1][1][0]
	345	1	[0][0][0][1][0]
	346	15	[1][1][0][1][0]
	347	11	[1][0][1][0][0]
	348	5	[0][1][0][0][0]
	349	17	[1][1][1][0][0]
	350	5	[0][1][0][0][0]
	351	0	[0][0][0][0][1]
	352	15	[1][1][0][1][0]
	353	8	[1][0][0][0][0]
	354	5	[0][1][0][0][0]
	355	5	[0][1][0][0][0]
	356	8	[1][0][0][0][0]
	357	19	[1][1][1][1][0]
	358	5	[0][1][0][0][0]
	359	5	[0][1][0][0][0]
	360	11	[1][0][1][0][0]
	361	19	[1][1][1][1][0]
	362	5	[0][1][0][0][0]
	363	5	[0][1][0][0][0]
	364	10	[1][0][0][1][1]
	365	7	[0][1][1][1][0]
	366	8	[1][0][0][0][0]
	367	5	[0][1][0][0][0]
	368	5	[0][1][0][0][0]
	369	11	[1][0][1][0][0]
	370	5	[0][1][0][0][0]
	371	5	[0][1][0][0][0]
	372	7	[0][1][1][1][0]
	373	10	[1][0][0][1][1]
	374	5	[0][1][0][0][0]
	375	8	[1][0][0][0][0]
	376	5	[0][1][0][0][0]
	377	15	[1][1][0][1][0]
	378	5	[0][1][0][0][0]
	379	2	[0][0][1][0][1]
	380	15	[1][1][0][1][0]
	381	5	[0][1][0][0][0]
	382	16	[1][1][0][1][1]
	383	11	[1][0][1][0][0]
	384	5	[0][1][0][0][0]
	385	18	[1][1][1][0][1]
	386	5	[0][1][0][0][0]
	387	5	[0][1][0][0][0]
	388	19	[1][1][1][1][0]
	389	8	[1][0][0][0][0]
	390	5	[0][1][0][0][0]
	391	11	[1][0][1][0][0]
	392	5	[0][1][0][0][0]
	393	9	[1][0][0][0][1]
	394	5	[0][1][0][0][0]
	395	9	[1][0][0][0][1]
	396	7	[0][1][1][1][0]
	397	15	[1][1][0][1][0]
	398	5	[0][1][0][0][0]
	399	5	[0][1][0][0][0]
	400	5	[0][1][0][0][0]