300 5 23
1 2 1 2 1 
2 3 3 5 5 
0 11 0 0 0 0 1
1 4 0 0 0 1 1
2 10 0 0 1 0 0
3 9 0 0 1 1 0
4 67 0 1 0 0 0
5 23 0 1 0 1 0
6 6 0 1 0 1 1
7 26 0 1 1 0 0
8 8 0 1 1 0 1
9 1 0 1 1 1 1
10 25 1 0 0 0 0
11 9 1 0 0 0 1
12 24 1 0 0 1 0
13 2 1 0 0 1 1
14 11 1 0 1 0 0
15 1 1 0 1 0 1
16 4 1 0 1 1 0
17 9 1 1 0 0 1
18 25 1 1 0 1 0
19 14 1 1 1 0 0
20 2 1 1 1 0 1
21 8 1 1 1 1 0
22 1 1 1 1 1 1

Cantidad de restricciones violadas (solucion Greedy): 126
Tiempo de ejecucion :253.001 milisegundos
Cantidad de restricciones violadas (solucion final): 41
Tiempo de ejecucion :1746.57 milisegundos
Cantidad de iteraciones: 57
---------------------------------------
Nro. Auto   Clase	Opciones
---------------------------------------

	1	0	[0][0][0][0][1]
	2	1	[0][0][0][1][1]
	3	1	[0][0][0][1][1]
	4	18	[1][1][0][1][0]
	5	4	[0][1][0][0][0]
	6	4	[0][1][0][0][0]
	7	3	[0][0][1][1][0]
	8	10	[1][0][0][0][0]
	9	4	[0][1][0][0][0]
	10	21	[1][1][1][1][0]
	11	11	[1][0][0][0][1]
	12	4	[0][1][0][0][0]
	13	19	[1][1][1][0][0]
	14	8	[0][1][1][0][1]
	15	10	[1][0][0][0][0]
	16	5	[0][1][0][1][0]
	17	3	[0][0][1][1][0]
	18	4	[0][1][0][0][0]
	19	4	[0][1][0][0][0]
	20	12	[1][0][0][1][0]
	21	18	[1][1][0][1][0]
	22	14	[1][0][1][0][0]
	23	19	[1][1][1][0][0]
	24	14	[1][0][1][0][0]
	25	14	[1][0][1][0][0]
	26	17	[1][1][0][0][1]
	27	5	[0][1][0][1][0]
	28	10	[1][0][0][0][0]
	29	18	[1][1][0][1][0]
	30	2	[0][0][1][0][0]
	31	5	[0][1][0][1][0]
	32	18	[1][1][0][1][0]
	33	9	[0][1][1][1][1]
	34	14	[1][0][1][0][0]
	35	10	[1][0][0][0][0]
	36	4	[0][1][0][0][0]
	37	2	[0][0][1][0][0]
	38	6	[0][1][0][1][1]
	39	4	[0][1][0][0][0]
	40	14	[1][0][1][0][0]
	41	18	[1][1][0][1][0]
	42	2	[0][0][1][0][0]
	43	12	[1][0][0][1][0]
	44	5	[0][1][0][1][0]
	45	7	[0][1][1][0][0]
	46	11	[1][0][0][0][1]
	47	7	[0][1][1][0][0]
	48	18	[1][1][0][1][0]
	49	13	[1][0][0][1][1]
	50	5	[0][1][0][1][0]
	51	19	[1][1][1][0][0]
	52	4	[0][1][0][0][0]
	53	10	[1][0][0][0][0]
	54	8	[0][1][1][0][1]
	55	19	[1][1][1][0][0]
	56	20	[1][1][1][0][1]
	57	17	[1][1][0][0][1]
	58	1	[0][0][0][1][1]
	59	7	[0][1][1][0][0]
	60	8	[0][1][1][0][1]
	61	10	[1][0][0][0][0]
	62	7	[0][1][1][0][0]
	63	4	[0][1][0][0][0]
	64	11	[1][0][0][0][1]
	65	3	[0][0][1][1][0]
	66	21	[1][1][1][1][0]
	67	4	[0][1][0][0][0]
	68	2	[0][0][1][0][0]
	69	4	[0][1][0][0][0]
	70	17	[1][1][0][0][1]
	71	18	[1][1][0][1][0]
	72	4	[0][1][0][0][0]
	73	5	[0][1][0][1][0]
	74	12	[1][0][0][1][0]
	75	21	[1][1][1][1][0]
	76	8	[0][1][1][0][1]
	77	15	[1][0][1][0][1]
	78	0	[0][0][0][0][1]
	79	18	[1][1][0][1][0]
	80	8	[0][1][1][0][1]
	81	10	[1][0][0][0][0]
	82	4	[0][1][0][0][0]
	83	4	[0][1][0][0][0]
	84	11	[1][0][0][0][1]
	85	12	[1][0][0][1][0]
	86	21	[1][1][1][1][0]
	87	2	[0][0][1][0][0]
	88	19	[1][1][1][0][0]
	89	4	[0][1][0][0][0]
	90	18	[1][1][0][1][0]
	91	16	[1][0][1][1][0]
	92	17	[1][1][0][0][1]
	93	3	[0][0][1][1][0]
	94	10	[1][0][0][0][0]
	95	4	[0][1][0][0][0]
	96	19	[1][1][1][0][0]
	97	21	[1][1][1][1][0]
	98	6	[0][1][0][1][1]
	99	14	[1][0][1][0][0]
	100	0	[0][0][0][0][1]
	101	7	[0][1][1][0][0]
	102	16	[1][0][1][1][0]
	103	2	[0][0][1][0][0]
	104	8	[0][1][1][0][1]
	105	10	[1][0][0][0][0]
	106	4	[0][1][0][0][0]
	107	4	[0][1][0][0][0]
	108	21	[1][1][1][1][0]
	109	4	[0][1][0][0][0]
	110	7	[0][1][1][0][0]
	111	16	[1][0][1][1][0]
	112	3	[0][0][1][1][0]
	113	4	[0][1][0][0][0]
	114	12	[1][0][0][1][0]
	115	2	[0][0][1][0][0]
	116	10	[1][0][0][0][0]
	117	21	[1][1][1][1][0]
	118	7	[0][1][1][0][0]
	119	4	[0][1][0][0][0]
	120	21	[1][1][1][1][0]
	121	11	[1][0][0][0][1]
	122	3	[0][0][1][1][0]
	123	5	[0][1][0][1][0]
	124	19	[1][1][1][0][0]
	125	11	[1][0][0][0][1]
	126	5	[0][1][0][1][0]
	127	10	[1][0][0][0][0]
	128	3	[0][0][1][1][0]
	129	5	[0][1][0][1][0]
	130	0	[0][0][0][0][1]
	131	7	[0][1][1][0][0]
	132	10	[1][0][0][0][0]
	133	5	[0][1][0][1][0]
	134	2	[0][0][1][0][0]
	135	19	[1][1][1][0][0]
	136	4	[0][1][0][0][0]
	137	7	[0][1][1][0][0]
	138	18	[1][1][0][1][0]
	139	17	[1][1][0][0][1]
	140	4	[0][1][0][0][0]
	141	7	[0][1][1][0][0]
	142	10	[1][0][0][0][0]
	143	12	[1][0][0][1][0]
	144	4	[0][1][0][0][0]
	145	7	[0][1][1][0][0]
	146	6	[0][1][0][1][1]
	147	5	[0][1][0][1][0]
	148	4	[0][1][0][0][0]
	149	5	[0][1][0][1][0]
	150	10	[1][0][0][0][0]
	151	5	[0][1][0][1][0]
	152	4	[0][1][0][0][0]
	153	14	[1][0][1][0][0]
	154	4	[0][1][0][0][0]
	155	10	[1][0][0][0][0]
	156	6	[0][1][0][1][1]
	157	7	[0][1][1][0][0]
	158	14	[1][0][1][0][0]
	159	4	[0][1][0][0][0]
	160	17	[1][1][0][0][1]
	161	5	[0][1][0][1][0]
	162	18	[1][1][0][1][0]
	163	0	[0][0][0][0][1]
	164	10	[1][0][0][0][0]
	165	0	[0][0][0][0][1]
	166	12	[1][0][0][1][0]
	167	19	[1][1][1][0][0]
	168	5	[0][1][0][1][0]
	169	17	[1][1][0][0][1]
	170	4	[0][1][0][0][0]
	171	0	[0][0][0][0][1]
	172	19	[1][1][1][0][0]
	173	4	[0][1][0][0][0]
	174	14	[1][0][1][0][0]
	175	18	[1][1][0][1][0]
	176	5	[0][1][0][1][0]
	177	10	[1][0][0][0][0]
	178	7	[0][1][1][0][0]
	179	10	[1][0][0][0][0]
	180	7	[0][1][1][0][0]
	181	5	[0][1][0][1][0]
	182	18	[1][1][0][1][0]
	183	0	[0][0][0][0][1]
	184	12	[1][0][0][1][0]
	185	16	[1][0][1][1][0]
	186	4	[0][1][0][0][0]
	187	4	[0][1][0][0][0]
	188	19	[1][1][1][0][0]
	189	12	[1][0][0][1][0]
	190	6	[0][1][0][1][1]
	191	12	[1][0][0][1][0]
	192	4	[0][1][0][0][0]
	193	7	[0][1][1][0][0]
	194	19	[1][1][1][0][0]
	195	1	[0][0][0][1][1]
	196	18	[1][1][0][1][0]
	197	14	[1][0][1][0][0]
	198	4	[0][1][0][0][0]
	199	12	[1][0][0][1][0]
	200	4	[0][1][0][0][0]
	201	17	[1][1][0][0][1]
	202	5	[0][1][0][1][0]
	203	4	[0][1][0][0][0]
	204	18	[1][1][0][1][0]
	205	4	[0][1][0][0][0]
	206	10	[1][0][0][0][0]
	207	7	[0][1][1][0][0]
	208	18	[1][1][0][1][0]
	209	7	[0][1][1][0][0]
	210	5	[0][1][0][1][0]
	211	10	[1][0][0][0][0]
	212	5	[0][1][0][1][0]
	213	4	[0][1][0][0][0]
	214	12	[1][0][0][1][0]
	215	12	[1][0][0][1][0]
	216	4	[0][1][0][0][0]
	217	7	[0][1][1][0][0]
	218	11	[1][0][0][0][1]
	219	4	[0][1][0][0][0]
	220	18	[1][1][0][1][0]
	221	12	[1][0][0][1][0]
	222	4	[0][1][0][0][0]
	223	7	[0][1][1][0][0]
	224	0	[0][0][0][0][1]
	225	4	[0][1][0][0][0]
	226	18	[1][1][0][1][0]
	227	4	[0][1][0][0][0]
	228	10	[1][0][0][0][0]
	229	7	[0][1][1][0][0]
	230	13	[1][0][0][1][1]
	231	4	[0][1][0][0][0]
	232	18	[1][1][0][1][0]
	233	4	[0][1][0][0][0]
	234	10	[1][0][0][0][0]
	235	4	[0][1][0][0][0]
	236	12	[1][0][0][1][0]
	237	5	[0][1][0][1][0]
	238	7	[0][1][1][0][0]
	239	7	[0][1][1][0][0]
	240	4	[0][1][0][0][0]
	241	12	[1][0][0][1][0]
	242	5	[0][1][0][1][0]
	243	2	[0][0][1][0][0]
	244	12	[1][0][0][1][0]
	245	4	[0][1][0][0][0]
	246	12	[1][0][0][1][0]
	247	5	[0][1][0][1][0]
	248	18	[1][1][0][1][0]
	249	12	[1][0][0][1][0]
	250	7	[0][1][1][0][0]
	251	4	[0][1][0][0][0]
	252	18	[1][1][0][1][0]
	253	11	[1][0][0][0][1]
	254	6	[0][1][0][1][1]
	255	19	[1][1][1][0][0]
	256	4	[0][1][0][0][0]
	257	12	[1][0][0][1][0]
	258	7	[0][1][1][0][0]
	259	10	[1][0][0][0][0]
	260	7	[0][1][1][0][0]
	261	4	[0][1][0][0][0]
	262	12	[1][0][0][1][0]
	263	0	[0][0][0][0][1]
	264	7	[0][1][1][0][0]
	265	4	[0][1][0][0][0]
	266	22	[1][1][1][1][1]
	267	10	[1][0][0][0][0]
	268	4	[0][1][0][0][0]
	269	18	[1][1][0][1][0]
	270	8	[0][1][1][0][1]
	271	0	[0][0][0][0][1]
	272	4	[0][1][0][0][0]
	273	4	[0][1][0][0][0]
	274	10	[1][0][0][0][0]
	275	4	[0][1][0][0][0]
	276	14	[1][0][1][0][0]
	277	18	[1][1][0][1][0]
	278	4	[0][1][0][0][0]
	279	4	[0][1][0][0][0]
	280	8	[0][1][1][0][1]
	281	4	[0][1][0][0][0]
	282	18	[1][1][0][1][0]
	283	3	[0][0][1][1][0]
	284	20	[1][1][1][0][1]
	285	4	[0][1][0][0][0]
	286	12	[1][0][0][1][0]
	287	4	[0][1][0][0][0]
	288	19	[1][1][1][0][0]
	289	11	[1][0][0][0][1]
	290	3	[0][0][1][1][0]
	291	4	[0][1][0][0][0]
	292	18	[1][1][0][1][0]
	293	2	[0][0][1][0][0]
	294	4	[0][1][0][0][0]
	295	4	[0][1][0][0][0]
	296	17	[1][1][0][0][1]
	297	4	[0][1][0][0][0]
	298	12	[1][0][0][1][0]
	299	12	[1][0][0][1][0]
	300	4	[0][1][0][0][0]