300 5 23
1 2 1 2 1 
2 3 3 5 5 
0 11 0 0 0 0 1
1 4 0 0 0 1 1
2 10 0 0 1 0 0
3 9 0 0 1 1 0
4 67 0 1 0 0 0
5 23 0 1 0 1 0
6 6 0 1 0 1 1
7 26 0 1 1 0 0
8 8 0 1 1 0 1
9 1 0 1 1 1 1
10 25 1 0 0 0 0
11 9 1 0 0 0 1
12 24 1 0 0 1 0
13 2 1 0 0 1 1
14 11 1 0 1 0 0
15 1 1 0 1 0 1
16 4 1 0 1 1 0
17 9 1 1 0 0 1
18 25 1 1 0 1 0
19 14 1 1 1 0 0
20 2 1 1 1 0 1
21 8 1 1 1 1 0
22 1 1 1 1 1 1

Cantidad de restricciones violadas (solucion Greedy): 126
Tiempo de ejecucion :256.206 milisegundos
Cantidad de restricciones violadas (solucion final): 41
Tiempo de ejecucion :1772.71 milisegundos
Cantidad de iteraciones: 58
---------------------------------------
Nro. Auto   Clase	Opciones
---------------------------------------

	1	4	[0][1][0][0][0]
	2	1	[0][0][0][1][1]
	3	1	[0][0][0][1][1]
	4	2	[0][0][1][0][0]
	5	2	[0][0][1][0][0]
	6	3	[0][0][1][1][0]
	7	3	[0][0][1][1][0]
	8	8	[0][1][1][0][1]
	9	4	[0][1][0][0][0]
	10	10	[1][0][0][0][0]
	11	11	[1][0][0][0][1]
	12	12	[1][0][0][1][0]
	13	19	[1][1][1][0][0]
	14	18	[1][1][0][1][0]
	15	10	[1][0][0][0][0]
	16	0	[0][0][0][0][1]
	17	4	[0][1][0][0][0]
	18	14	[1][0][1][0][0]
	19	11	[1][0][0][0][1]
	20	7	[0][1][1][0][0]
	21	12	[1][0][0][1][0]
	22	4	[0][1][0][0][0]
	23	4	[0][1][0][0][0]
	24	4	[0][1][0][0][0]
	25	15	[1][0][1][0][1]
	26	3	[0][0][1][1][0]
	27	7	[0][1][1][0][0]
	28	21	[1][1][1][1][0]
	29	4	[0][1][0][0][0]
	30	2	[0][0][1][0][0]
	31	17	[1][1][0][0][1]
	32	8	[0][1][1][0][1]
	33	9	[0][1][1][1][1]
	34	14	[1][0][1][0][0]
	35	4	[0][1][0][0][0]
	36	20	[1][1][1][0][1]
	37	12	[1][0][0][1][0]
	38	6	[0][1][0][1][1]
	39	4	[0][1][0][0][0]
	40	14	[1][0][1][0][0]
	41	18	[1][1][0][1][0]
	42	2	[0][0][1][0][0]
	43	1	[0][0][0][1][1]
	44	5	[0][1][0][1][0]
	45	7	[0][1][1][0][0]
	46	11	[1][0][0][0][1]
	47	19	[1][1][1][0][0]
	48	18	[1][1][0][1][0]
	49	13	[1][0][0][1][1]
	50	6	[0][1][0][1][1]
	51	2	[0][0][1][0][0]
	52	4	[0][1][0][0][0]
	53	10	[1][0][0][0][0]
	54	8	[0][1][1][0][1]
	55	4	[0][1][0][0][0]
	56	20	[1][1][1][0][1]
	57	17	[1][1][0][0][1]
	58	1	[0][0][0][1][1]
	59	10	[1][0][0][0][0]
	60	8	[0][1][1][0][1]
	61	5	[0][1][0][1][0]
	62	21	[1][1][1][1][0]
	63	4	[0][1][0][0][0]
	64	11	[1][0][0][0][1]
	65	14	[1][0][1][0][0]
	66	21	[1][1][1][1][0]
	67	7	[0][1][1][0][0]
	68	5	[0][1][0][1][0]
	69	3	[0][0][1][1][0]
	70	17	[1][1][0][0][1]
	71	18	[1][1][0][1][0]
	72	4	[0][1][0][0][0]
	73	5	[0][1][0][1][0]
	74	12	[1][0][0][1][0]
	75	21	[1][1][1][1][0]
	76	6	[0][1][0][1][1]
	77	14	[1][0][1][0][0]
	78	4	[0][1][0][0][0]
	79	5	[0][1][0][1][0]
	80	4	[0][1][0][0][0]
	81	17	[1][1][0][0][1]
	82	3	[0][0][1][1][0]
	83	4	[0][1][0][0][0]
	84	11	[1][0][0][0][1]
	85	5	[0][1][0][1][0]
	86	10	[1][0][0][0][0]
	87	6	[0][1][0][1][1]
	88	14	[1][0][1][0][0]
	89	11	[1][0][0][0][1]
	90	7	[0][1][1][0][0]
	91	4	[0][1][0][0][0]
	92	17	[1][1][0][0][1]
	93	3	[0][0][1][1][0]
	94	10	[1][0][0][0][0]
	95	7	[0][1][1][0][0]
	96	19	[1][1][1][0][0]
	97	21	[1][1][1][1][0]
	98	6	[0][1][0][1][1]
	99	14	[1][0][1][0][0]
	100	0	[0][0][0][0][1]
	101	7	[0][1][1][0][0]
	102	16	[1][0][1][1][0]
	103	2	[0][0][1][0][0]
	104	8	[0][1][1][0][1]
	105	10	[1][0][0][0][0]
	106	18	[1][1][0][1][0]
	107	19	[1][1][1][0][0]
	108	7	[0][1][1][0][0]
	109	4	[0][1][0][0][0]
	110	7	[0][1][1][0][0]
	111	16	[1][0][1][1][0]
	112	3	[0][0][1][1][0]
	113	4	[0][1][0][0][0]
	114	12	[1][0][0][1][0]
	115	2	[0][0][1][0][0]
	116	10	[1][0][0][0][0]
	117	18	[1][1][0][1][0]
	118	7	[0][1][1][0][0]
	119	4	[0][1][0][0][0]
	120	21	[1][1][1][1][0]
	121	11	[1][0][0][0][1]
	122	4	[0][1][0][0][0]
	123	5	[0][1][0][1][0]
	124	19	[1][1][1][0][0]
	125	11	[1][0][0][0][1]
	126	5	[0][1][0][1][0]
	127	3	[0][0][1][1][0]
	128	10	[1][0][0][0][0]
	129	19	[1][1][1][0][0]
	130	0	[0][0][0][0][1]
	131	17	[1][1][0][0][1]
	132	12	[1][0][0][1][0]
	133	5	[0][1][0][1][0]
	134	2	[0][0][1][0][0]
	135	4	[0][1][0][0][0]
	136	18	[1][1][0][1][0]
	137	19	[1][1][1][0][0]
	138	0	[0][0][0][0][1]
	139	17	[1][1][0][0][1]
	140	5	[0][1][0][1][0]
	141	4	[0][1][0][0][0]
	142	14	[1][0][1][0][0]
	143	4	[0][1][0][0][0]
	144	10	[1][0][0][0][0]
	145	7	[0][1][1][0][0]
	146	19	[1][1][1][0][0]
	147	5	[0][1][0][1][0]
	148	12	[1][0][0][1][0]
	149	5	[0][1][0][1][0]
	150	10	[1][0][0][0][0]
	151	5	[0][1][0][1][0]
	152	10	[1][0][0][0][0]
	153	17	[1][1][0][0][1]
	154	4	[0][1][0][0][0]
	155	10	[1][0][0][0][0]
	156	6	[0][1][0][1][1]
	157	7	[0][1][1][0][0]
	158	14	[1][0][1][0][0]
	159	4	[0][1][0][0][0]
	160	10	[1][0][0][0][0]
	161	5	[0][1][0][1][0]
	162	18	[1][1][0][1][0]
	163	0	[0][0][0][0][1]
	164	10	[1][0][0][0][0]
	165	0	[0][0][0][0][1]
	166	12	[1][0][0][1][0]
	167	19	[1][1][1][0][0]
	168	5	[0][1][0][1][0]
	169	18	[1][1][0][1][0]
	170	4	[0][1][0][0][0]
	171	0	[0][0][0][0][1]
	172	19	[1][1][1][0][0]
	173	4	[0][1][0][0][0]
	174	0	[0][0][0][0][1]
	175	18	[1][1][0][1][0]
	176	4	[0][1][0][0][0]
	177	10	[1][0][0][0][0]
	178	7	[0][1][1][0][0]
	179	10	[1][0][0][0][0]
	180	7	[0][1][1][0][0]
	181	5	[0][1][0][1][0]
	182	4	[0][1][0][0][0]
	183	0	[0][0][0][0][1]
	184	5	[0][1][0][1][0]
	185	10	[1][0][0][0][0]
	186	8	[0][1][1][0][1]
	187	4	[0][1][0][0][0]
	188	18	[1][1][0][1][0]
	189	12	[1][0][0][1][0]
	190	7	[0][1][1][0][0]
	191	12	[1][0][0][1][0]
	192	4	[0][1][0][0][0]
	193	7	[0][1][1][0][0]
	194	5	[0][1][0][1][0]
	195	4	[0][1][0][0][0]
	196	10	[1][0][0][0][0]
	197	4	[0][1][0][0][0]
	198	18	[1][1][0][1][0]
	199	4	[0][1][0][0][0]
	200	10	[1][0][0][0][0]
	201	21	[1][1][1][1][0]
	202	5	[0][1][0][1][0]
	203	4	[0][1][0][0][0]
	204	18	[1][1][0][1][0]
	205	12	[1][0][0][1][0]
	206	10	[1][0][0][0][0]
	207	7	[0][1][1][0][0]
	208	17	[1][1][0][0][1]
	209	0	[0][0][0][0][1]
	210	12	[1][0][0][1][0]
	211	19	[1][1][1][0][0]
	212	10	[1][0][0][0][0]
	213	4	[0][1][0][0][0]
	214	18	[1][1][0][1][0]
	215	4	[0][1][0][0][0]
	216	10	[1][0][0][0][0]
	217	7	[0][1][1][0][0]
	218	10	[1][0][0][0][0]
	219	7	[0][1][1][0][0]
	220	18	[1][1][0][1][0]
	221	12	[1][0][0][1][0]
	222	4	[0][1][0][0][0]
	223	19	[1][1][1][0][0]
	224	2	[0][0][1][0][0]
	225	4	[0][1][0][0][0]
	226	18	[1][1][0][1][0]
	227	2	[0][0][1][0][0]
	228	5	[0][1][0][1][0]
	229	4	[0][1][0][0][0]
	230	4	[0][1][0][0][0]
	231	8	[0][1][1][0][1]
	232	18	[1][1][0][1][0]
	233	12	[1][0][0][1][0]
	234	21	[1][1][1][1][0]
	235	4	[0][1][0][0][0]
	236	12	[1][0][0][1][0]
	237	5	[0][1][0][1][0]
	238	18	[1][1][0][1][0]
	239	19	[1][1][1][0][0]
	240	4	[0][1][0][0][0]
	241	12	[1][0][0][1][0]
	242	7	[0][1][1][0][0]
	243	18	[1][1][0][1][0]
	244	5	[0][1][0][1][0]
	245	4	[0][1][0][0][0]
	246	12	[1][0][0][1][0]
	247	5	[0][1][0][1][0]
	248	18	[1][1][0][1][0]
	249	12	[1][0][0][1][0]
	250	7	[0][1][1][0][0]
	251	4	[0][1][0][0][0]
	252	18	[1][1][0][1][0]
	253	8	[0][1][1][0][1]
	254	18	[1][1][0][1][0]
	255	7	[0][1][1][0][0]
	256	14	[1][0][1][0][0]
	257	12	[1][0][0][1][0]
	258	7	[0][1][1][0][0]
	259	4	[0][1][0][0][0]
	260	7	[0][1][1][0][0]
	261	4	[0][1][0][0][0]
	262	12	[1][0][0][1][0]
	263	7	[0][1][1][0][0]
	264	12	[1][0][0][1][0]
	265	4	[0][1][0][0][0]
	266	14	[1][0][1][0][0]
	267	4	[0][1][0][0][0]
	268	4	[0][1][0][0][0]
	269	4	[0][1][0][0][0]
	270	18	[1][1][0][1][0]
	271	4	[0][1][0][0][0]
	272	12	[1][0][0][1][0]
	273	10	[1][0][0][0][0]
	274	4	[0][1][0][0][0]
	275	0	[0][0][0][0][1]
	276	4	[0][1][0][0][0]
	277	19	[1][1][1][0][0]
	278	3	[0][0][1][1][0]
	279	4	[0][1][0][0][0]
	280	18	[1][1][0][1][0]
	281	4	[0][1][0][0][0]
	282	11	[1][0][0][0][1]
	283	4	[0][1][0][0][0]
	284	16	[1][0][1][1][0]
	285	4	[0][1][0][0][0]
	286	4	[0][1][0][0][0]
	287	22	[1][1][1][1][1]
	288	4	[0][1][0][0][0]
	289	12	[1][0][0][1][0]
	290	4	[0][1][0][0][0]
	291	4	[0][1][0][0][0]
	292	13	[1][0][0][1][1]
	293	7	[0][1][1][0][0]
	294	4	[0][1][0][0][0]
	295	18	[1][1][0][1][0]
	296	4	[0][1][0][0][0]
	297	16	[1][0][1][1][0]
	298	4	[0][1][0][0][0]
	299	12	[1][0][0][1][0]
	300	4	[0][1][0][0][0]