300 5 23
1 2 1 2 1 
2 3 3 5 5 
0 11 0 0 0 0 1
1 4 0 0 0 1 1
2 10 0 0 1 0 0
3 9 0 0 1 1 0
4 67 0 1 0 0 0
5 23 0 1 0 1 0
6 6 0 1 0 1 1
7 26 0 1 1 0 0
8 8 0 1 1 0 1
9 1 0 1 1 1 1
10 25 1 0 0 0 0
11 9 1 0 0 0 1
12 24 1 0 0 1 0
13 2 1 0 0 1 1
14 11 1 0 1 0 0
15 1 1 0 1 0 1
16 4 1 0 1 1 0
17 9 1 1 0 0 1
18 25 1 1 0 1 0
19 14 1 1 1 0 0
20 2 1 1 1 0 1
21 8 1 1 1 1 0
22 1 1 1 1 1 1

Cantidad de restricciones violadas (solucion Greedy): 126
Tiempo de ejecucion :257.372 milisegundos
Cantidad de restricciones violadas (solucion final): 57
Tiempo de ejecucion :1383.48 milisegundos
Cantidad de iteraciones: 43
---------------------------------------
Nro. Auto   Clase	Opciones
---------------------------------------

	1	0	[0][0][0][0][1]
	2	1	[0][0][0][1][1]
	3	1	[0][0][0][1][1]
	4	8	[0][1][1][0][1]
	5	2	[0][0][1][0][0]
	6	3	[0][0][1][1][0]
	7	3	[0][0][1][1][0]
	8	12	[1][0][0][1][0]
	9	4	[0][1][0][0][0]
	10	4	[0][1][0][0][0]
	11	19	[1][1][1][0][0]
	12	12	[1][0][0][1][0]
	13	13	[1][0][0][1][1]
	14	8	[0][1][1][0][1]
	15	5	[0][1][0][1][0]
	16	11	[1][0][0][0][1]
	17	10	[1][0][0][0][0]
	18	0	[0][0][0][0][1]
	19	4	[0][1][0][0][0]
	20	12	[1][0][0][1][0]
	21	12	[1][0][0][1][0]
	22	4	[0][1][0][0][0]
	23	4	[0][1][0][0][0]
	24	4	[0][1][0][0][0]
	25	15	[1][0][1][0][1]
	26	17	[1][1][0][0][1]
	27	11	[1][0][0][0][1]
	28	21	[1][1][1][1][0]
	29	22	[1][1][1][1][1]
	30	2	[0][0][1][0][0]
	31	20	[1][1][1][0][1]
	32	8	[0][1][1][0][1]
	33	9	[0][1][1][1][1]
	34	14	[1][0][1][0][0]
	35	4	[0][1][0][0][0]
	36	5	[0][1][0][1][0]
	37	2	[0][0][1][0][0]
	38	6	[0][1][0][1][1]
	39	11	[1][0][0][0][1]
	40	7	[0][1][1][0][0]
	41	18	[1][1][0][1][0]
	42	2	[0][0][1][0][0]
	43	1	[0][0][0][1][1]
	44	5	[0][1][0][1][0]
	45	7	[0][1][1][0][0]
	46	11	[1][0][0][0][1]
	47	19	[1][1][1][0][0]
	48	18	[1][1][0][1][0]
	49	19	[1][1][1][0][0]
	50	0	[0][0][0][0][1]
	51	2	[0][0][1][0][0]
	52	4	[0][1][0][0][0]
	53	10	[1][0][0][0][0]
	54	8	[0][1][1][0][1]
	55	0	[0][0][0][0][1]
	56	20	[1][1][1][0][1]
	57	17	[1][1][0][0][1]
	58	1	[0][0][0][1][1]
	59	12	[1][0][0][1][0]
	60	8	[0][1][1][0][1]
	61	10	[1][0][0][0][0]
	62	18	[1][1][0][1][0]
	63	4	[0][1][0][0][0]
	64	11	[1][0][0][0][1]
	65	4	[0][1][0][0][0]
	66	21	[1][1][1][1][0]
	67	4	[0][1][0][0][0]
	68	4	[0][1][0][0][0]
	69	2	[0][0][1][0][0]
	70	17	[1][1][0][0][1]
	71	18	[1][1][0][1][0]
	72	2	[0][0][1][0][0]
	73	5	[0][1][0][1][0]
	74	12	[1][0][0][1][0]
	75	21	[1][1][1][1][0]
	76	6	[0][1][0][1][1]
	77	14	[1][0][1][0][0]
	78	5	[0][1][0][1][0]
	79	4	[0][1][0][0][0]
	80	18	[1][1][0][1][0]
	81	17	[1][1][0][0][1]
	82	3	[0][0][1][1][0]
	83	4	[0][1][0][0][0]
	84	11	[1][0][0][0][1]
	85	17	[1][1][0][0][1]
	86	21	[1][1][1][1][0]
	87	6	[0][1][0][1][1]
	88	14	[1][0][1][0][0]
	89	0	[0][0][0][0][1]
	90	7	[0][1][1][0][0]
	91	16	[1][0][1][1][0]
	92	4	[0][1][0][0][0]
	93	5	[0][1][0][1][0]
	94	10	[1][0][0][0][0]
	95	4	[0][1][0][0][0]
	96	14	[1][0][1][0][0]
	97	21	[1][1][1][1][0]
	98	6	[0][1][0][1][1]
	99	14	[1][0][1][0][0]
	100	0	[0][0][0][0][1]
	101	7	[0][1][1][0][0]
	102	16	[1][0][1][1][0]
	103	2	[0][0][1][0][0]
	104	8	[0][1][1][0][1]
	105	10	[1][0][0][0][0]
	106	18	[1][1][0][1][0]
	107	7	[0][1][1][0][0]
	108	21	[1][1][1][1][0]
	109	4	[0][1][0][0][0]
	110	7	[0][1][1][0][0]
	111	16	[1][0][1][1][0]
	112	3	[0][0][1][1][0]
	113	4	[0][1][0][0][0]
	114	12	[1][0][0][1][0]
	115	2	[0][0][1][0][0]
	116	10	[1][0][0][0][0]
	117	21	[1][1][1][1][0]
	118	7	[0][1][1][0][0]
	119	8	[0][1][1][0][1]
	120	21	[1][1][1][1][0]
	121	3	[0][0][1][1][0]
	122	3	[0][0][1][1][0]
	123	5	[0][1][0][1][0]
	124	19	[1][1][1][0][0]
	125	11	[1][0][0][0][1]
	126	5	[0][1][0][1][0]
	127	10	[1][0][0][0][0]
	128	3	[0][0][1][1][0]
	129	4	[0][1][0][0][0]
	130	0	[0][0][0][0][1]
	131	17	[1][1][0][0][1]
	132	10	[1][0][0][0][0]
	133	5	[0][1][0][1][0]
	134	2	[0][0][1][0][0]
	135	4	[0][1][0][0][0]
	136	18	[1][1][0][1][0]
	137	19	[1][1][1][0][0]
	138	18	[1][1][0][1][0]
	139	4	[0][1][0][0][0]
	140	19	[1][1][1][0][0]
	141	12	[1][0][0][1][0]
	142	10	[1][0][0][0][0]
	143	4	[0][1][0][0][0]
	144	10	[1][0][0][0][0]
	145	7	[0][1][1][0][0]
	146	6	[0][1][0][1][1]
	147	5	[0][1][0][1][0]
	148	11	[1][0][0][0][1]
	149	5	[0][1][0][1][0]
	150	10	[1][0][0][0][0]
	151	5	[0][1][0][1][0]
	152	4	[0][1][0][0][0]
	153	11	[1][0][0][0][1]
	154	4	[0][1][0][0][0]
	155	10	[1][0][0][0][0]
	156	6	[0][1][0][1][1]
	157	7	[0][1][1][0][0]
	158	14	[1][0][1][0][0]
	159	4	[0][1][0][0][0]
	160	17	[1][1][0][0][1]
	161	5	[0][1][0][1][0]
	162	18	[1][1][0][1][0]
	163	14	[1][0][1][0][0]
	164	10	[1][0][0][0][0]
	165	19	[1][1][1][0][0]
	166	4	[0][1][0][0][0]
	167	19	[1][1][1][0][0]
	168	5	[0][1][0][1][0]
	169	12	[1][0][0][1][0]
	170	4	[0][1][0][0][0]
	171	0	[0][0][0][0][1]
	172	19	[1][1][1][0][0]
	173	4	[0][1][0][0][0]
	174	19	[1][1][1][0][0]
	175	18	[1][1][0][1][0]
	176	4	[0][1][0][0][0]
	177	10	[1][0][0][0][0]
	178	7	[0][1][1][0][0]
	179	10	[1][0][0][0][0]
	180	7	[0][1][1][0][0]
	181	5	[0][1][0][1][0]
	182	12	[1][0][0][1][0]
	183	0	[0][0][0][0][1]
	184	5	[0][1][0][1][0]
	185	10	[1][0][0][0][0]
	186	18	[1][1][0][1][0]
	187	4	[0][1][0][0][0]
	188	7	[0][1][1][0][0]
	189	12	[1][0][0][1][0]
	190	18	[1][1][0][1][0]
	191	12	[1][0][0][1][0]
	192	10	[1][0][0][0][0]
	193	7	[0][1][1][0][0]
	194	5	[0][1][0][1][0]
	195	4	[0][1][0][0][0]
	196	8	[0][1][1][0][1]
	197	4	[0][1][0][0][0]
	198	18	[1][1][0][1][0]
	199	3	[0][0][1][1][0]
	200	10	[1][0][0][0][0]
	201	7	[0][1][1][0][0]
	202	5	[0][1][0][1][0]
	203	4	[0][1][0][0][0]
	204	18	[1][1][0][1][0]
	205	4	[0][1][0][0][0]
	206	10	[1][0][0][0][0]
	207	7	[0][1][1][0][0]
	208	18	[1][1][0][1][0]
	209	7	[0][1][1][0][0]
	210	4	[0][1][0][0][0]
	211	18	[1][1][0][1][0]
	212	5	[0][1][0][1][0]
	213	4	[0][1][0][0][0]
	214	18	[1][1][0][1][0]
	215	12	[1][0][0][1][0]
	216	10	[1][0][0][0][0]
	217	7	[0][1][1][0][0]
	218	0	[0][0][0][0][1]
	219	4	[0][1][0][0][0]
	220	18	[1][1][0][1][0]
	221	12	[1][0][0][1][0]
	222	4	[0][1][0][0][0]
	223	14	[1][0][1][0][0]
	224	3	[0][0][1][1][0]
	225	4	[0][1][0][0][0]
	226	18	[1][1][0][1][0]
	227	4	[0][1][0][0][0]
	228	10	[1][0][0][0][0]
	229	7	[0][1][1][0][0]
	230	10	[1][0][0][0][0]
	231	19	[1][1][1][0][0]
	232	18	[1][1][0][1][0]
	233	4	[0][1][0][0][0]
	234	10	[1][0][0][0][0]
	235	4	[0][1][0][0][0]
	236	12	[1][0][0][1][0]
	237	5	[0][1][0][1][0]
	238	19	[1][1][1][0][0]
	239	7	[0][1][1][0][0]
	240	4	[0][1][0][0][0]
	241	12	[1][0][0][1][0]
	242	4	[0][1][0][0][0]
	243	18	[1][1][0][1][0]
	244	7	[0][1][1][0][0]
	245	16	[1][0][1][1][0]
	246	4	[0][1][0][0][0]
	247	5	[0][1][0][1][0]
	248	18	[1][1][0][1][0]
	249	12	[1][0][0][1][0]
	250	7	[0][1][1][0][0]
	251	7	[0][1][1][0][0]
	252	18	[1][1][0][1][0]
	253	4	[0][1][0][0][0]
	254	18	[1][1][0][1][0]
	255	7	[0][1][1][0][0]
	256	4	[0][1][0][0][0]
	257	12	[1][0][0][1][0]
	258	7	[0][1][1][0][0]
	259	4	[0][1][0][0][0]
	260	7	[0][1][1][0][0]
	261	4	[0][1][0][0][0]
	262	12	[1][0][0][1][0]
	263	4	[0][1][0][0][0]
	264	7	[0][1][1][0][0]
	265	0	[0][0][0][0][1]
	266	19	[1][1][1][0][0]
	267	12	[1][0][0][1][0]
	268	5	[0][1][0][1][0]
	269	14	[1][0][1][0][0]
	270	4	[0][1][0][0][0]
	271	4	[0][1][0][0][0]
	272	14	[1][0][1][0][0]
	273	4	[0][1][0][0][0]
	274	17	[1][1][0][0][1]
	275	12	[1][0][0][1][0]
	276	4	[0][1][0][0][0]
	277	4	[0][1][0][0][0]
	278	4	[0][1][0][0][0]
	279	4	[0][1][0][0][0]
	280	4	[0][1][0][0][0]
	281	12	[1][0][0][1][0]
	282	4	[0][1][0][0][0]
	283	4	[0][1][0][0][0]
	284	10	[1][0][0][0][0]
	285	5	[0][1][0][1][0]
	286	18	[1][1][0][1][0]
	287	4	[0][1][0][0][0]
	288	17	[1][1][0][0][1]
	289	13	[1][0][0][1][1]
	290	4	[0][1][0][0][0]
	291	4	[0][1][0][0][0]
	292	14	[1][0][1][0][0]
	293	19	[1][1][1][0][0]
	294	4	[0][1][0][0][0]
	295	4	[0][1][0][0][0]
	296	12	[1][0][0][1][0]
	297	4	[0][1][0][0][0]
	298	4	[0][1][0][0][0]
	299	10	[1][0][0][0][0]
	300	12	[1][0][0][1][0]