300 5 24
1 2 1 2 1 
2 3 3 5 5 
0 5 0 0 0 0 1
1 20 0 0 0 1 0
2 3 0 0 0 1 1
3 4 0 0 1 0 1
4 46 0 1 0 0 0
5 10 0 1 0 0 1
6 30 0 1 0 1 0
7 32 0 1 1 0 0
8 4 0 1 1 0 1
9 12 0 1 1 1 0
10 3 0 1 1 1 1
11 34 1 0 0 0 0
12 3 1 0 0 0 1
13 11 1 0 0 1 0
14 4 1 0 0 1 1
15 10 1 0 1 0 0
16 7 1 0 1 1 0
17 2 1 0 1 1 1
18 23 1 1 0 0 0
19 6 1 1 0 0 1
20 7 1 1 0 1 1
21 10 1 1 1 0 0
22 4 1 1 1 0 1
23 10 1 1 1 1 0

Cantidad de restricciones violadas (solucion Greedy): 137
Tiempo de ejecucion :256.697 milisegundos
Cantidad de restricciones violadas (solucion final): 55
Tiempo de ejecucion :1809.38 milisegundos
Cantidad de iteraciones: 59
---------------------------------------
Nro. Auto   Clase	Opciones
---------------------------------------

	1	4	[0][1][0][0][0]
	2	1	[0][0][0][1][0]
	3	7	[0][1][1][0][0]
	4	2	[0][0][0][1][1]
	5	7	[0][1][1][0][0]
	6	1	[0][0][0][1][0]
	7	4	[0][1][0][0][0]
	8	4	[0][1][0][0][0]
	9	6	[0][1][0][1][0]
	10	4	[0][1][0][0][0]
	11	6	[0][1][0][1][0]
	12	11	[1][0][0][0][0]
	13	15	[1][0][1][0][0]
	14	4	[0][1][0][0][0]
	15	8	[0][1][1][0][1]
	16	13	[1][0][0][1][0]
	17	15	[1][0][1][0][0]
	18	10	[0][1][1][1][1]
	19	4	[0][1][0][0][0]
	20	11	[1][0][0][0][0]
	21	11	[1][0][0][0][0]
	22	4	[0][1][0][0][0]
	23	12	[1][0][0][0][1]
	24	4	[0][1][0][0][0]
	25	7	[0][1][1][0][0]
	26	23	[1][1][1][1][0]
	27	14	[1][0][0][1][1]
	28	4	[0][1][0][0][0]
	29	16	[1][0][1][1][0]
	30	8	[0][1][1][0][1]
	31	18	[1][1][0][0][0]
	32	5	[0][1][0][0][1]
	33	20	[1][1][0][1][1]
	34	4	[0][1][0][0][0]
	35	22	[1][1][1][0][1]
	36	0	[0][0][0][0][1]
	37	23	[1][1][1][1][0]
	38	2	[0][0][0][1][1]
	39	11	[1][0][0][0][0]
	40	4	[0][1][0][0][0]
	41	4	[0][1][0][0][0]
	42	11	[1][0][0][0][0]
	43	13	[1][0][0][1][0]
	44	10	[0][1][1][1][1]
	45	13	[1][0][0][1][0]
	46	18	[1][1][0][0][0]
	47	19	[1][1][0][0][1]
	48	0	[0][0][0][0][1]
	49	18	[1][1][0][0][0]
	50	19	[1][1][0][0][1]
	51	21	[1][1][1][0][0]
	52	1	[0][0][0][1][0]
	53	1	[0][0][0][1][0]
	54	4	[0][1][0][0][0]
	55	5	[0][1][0][0][1]
	56	13	[1][0][0][1][0]
	57	18	[1][1][0][0][0]
	58	6	[0][1][0][1][0]
	59	14	[1][0][0][1][1]
	60	4	[0][1][0][0][0]
	61	18	[1][1][0][0][0]
	62	4	[0][1][0][0][0]
	63	0	[0][0][0][0][1]
	64	1	[0][0][0][1][0]
	65	3	[0][0][1][0][1]
	66	6	[0][1][0][1][0]
	67	4	[0][1][0][0][0]
	68	11	[1][0][0][0][0]
	69	15	[1][0][1][0][0]
	70	6	[0][1][0][1][0]
	71	19	[1][1][0][0][1]
	72	0	[0][0][0][0][1]
	73	23	[1][1][1][1][0]
	74	1	[0][0][0][1][0]
	75	6	[0][1][0][1][0]
	76	7	[0][1][1][0][0]
	77	13	[1][0][0][1][0]
	78	17	[1][0][1][1][1]
	79	18	[1][1][0][0][0]
	80	22	[1][1][1][0][1]
	81	1	[0][0][0][1][0]
	82	4	[0][1][0][0][0]
	83	6	[0][1][0][1][0]
	84	15	[1][0][1][0][0]
	85	21	[1][1][1][0][0]
	86	4	[0][1][0][0][0]
	87	9	[0][1][1][1][0]
	88	11	[1][0][0][0][0]
	89	4	[0][1][0][0][0]
	90	19	[1][1][0][0][1]
	91	16	[1][0][1][1][0]
	92	7	[0][1][1][0][0]
	93	15	[1][0][1][0][0]
	94	9	[0][1][1][1][0]
	95	16	[1][0][1][1][0]
	96	22	[1][1][1][0][1]
	97	5	[0][1][0][0][1]
	98	11	[1][0][0][0][0]
	99	18	[1][1][0][0][0]
	100	7	[0][1][1][0][0]
	101	6	[0][1][0][1][0]
	102	18	[1][1][0][0][0]
	103	15	[1][0][1][0][0]
	104	15	[1][0][1][0][0]
	105	21	[1][1][1][0][0]
	106	4	[0][1][0][0][0]
	107	7	[0][1][1][0][0]
	108	16	[1][0][1][1][0]
	109	18	[1][1][0][0][0]
	110	23	[1][1][1][1][0]
	111	4	[0][1][0][0][0]
	112	13	[1][0][0][1][0]
	113	19	[1][1][0][0][1]
	114	3	[0][0][1][0][1]
	115	6	[0][1][0][1][0]
	116	11	[1][0][0][0][0]
	117	7	[0][1][1][0][0]
	118	4	[0][1][0][0][0]
	119	7	[0][1][1][0][0]
	120	11	[1][0][0][0][0]
	121	9	[0][1][1][1][0]
	122	15	[1][0][1][0][0]
	123	23	[1][1][1][1][0]
	124	7	[0][1][1][0][0]
	125	15	[1][0][1][0][0]
	126	18	[1][1][0][0][0]
	127	4	[0][1][0][0][0]
	128	11	[1][0][0][0][0]
	129	18	[1][1][0][0][0]
	130	8	[0][1][1][0][1]
	131	21	[1][1][1][0][0]
	132	1	[0][0][0][1][0]
	133	9	[0][1][1][1][0]
	134	23	[1][1][1][1][0]
	135	9	[0][1][1][1][0]
	136	23	[1][1][1][1][0]
	137	9	[0][1][1][1][0]
	138	23	[1][1][1][1][0]
	139	1	[0][0][0][1][0]
	140	11	[1][0][0][0][0]
	141	1	[0][0][0][1][0]
	142	7	[0][1][1][0][0]
	143	11	[1][0][0][0][0]
	144	7	[0][1][1][0][0]
	145	13	[1][0][0][1][0]
	146	3	[0][0][1][0][1]
	147	7	[0][1][1][0][0]
	148	7	[0][1][1][0][0]
	149	11	[1][0][0][0][0]
	150	9	[0][1][1][1][0]
	151	5	[0][1][0][0][1]
	152	18	[1][1][0][0][0]
	153	13	[1][0][0][1][0]
	154	7	[0][1][1][0][0]
	155	9	[0][1][1][1][0]
	156	4	[0][1][0][0][0]
	157	20	[1][1][0][1][1]
	158	11	[1][0][0][0][0]
	159	6	[0][1][0][1][0]
	160	23	[1][1][1][1][0]
	161	18	[1][1][0][0][0]
	162	13	[1][0][0][1][0]
	163	9	[0][1][1][1][0]
	164	4	[0][1][0][0][0]
	165	5	[0][1][0][0][1]
	166	7	[0][1][1][0][0]
	167	4	[0][1][0][0][0]
	168	11	[1][0][0][0][0]
	169	22	[1][1][1][0][1]
	170	6	[0][1][0][1][0]
	171	21	[1][1][1][0][0]
	172	11	[1][0][0][0][0]
	173	11	[1][0][0][0][0]
	174	18	[1][1][0][0][0]
	175	16	[1][0][1][1][0]
	176	1	[0][0][0][1][0]
	177	20	[1][1][0][1][1]
	178	1	[0][0][0][1][0]
	179	11	[1][0][0][0][0]
	180	9	[0][1][1][1][0]
	181	11	[1][0][0][0][0]
	182	8	[0][1][1][0][1]
	183	6	[0][1][0][1][0]
	184	20	[1][1][0][1][1]
	185	7	[0][1][1][0][0]
	186	11	[1][0][0][0][0]
	187	4	[0][1][0][0][0]
	188	21	[1][1][1][0][0]
	189	20	[1][1][0][1][1]
	190	4	[0][1][0][0][0]
	191	11	[1][0][0][0][0]
	192	4	[0][1][0][0][0]
	193	7	[0][1][1][0][0]
	194	16	[1][0][1][1][0]
	195	6	[0][1][0][1][0]
	196	18	[1][1][0][0][0]
	197	5	[0][1][0][0][1]
	198	11	[1][0][0][0][0]
	199	18	[1][1][0][0][0]
	200	7	[0][1][1][0][0]
	201	1	[0][0][0][1][0]
	202	6	[0][1][0][1][0]
	203	21	[1][1][1][0][0]
	204	5	[0][1][0][0][1]
	205	11	[1][0][0][0][0]
	206	4	[0][1][0][0][0]
	207	7	[0][1][1][0][0]
	208	11	[1][0][0][0][0]
	209	7	[0][1][1][0][0]
	210	19	[1][1][0][0][1]
	211	11	[1][0][0][0][0]
	212	1	[0][0][0][1][0]
	213	18	[1][1][0][0][0]
	214	4	[0][1][0][0][0]
	215	4	[0][1][0][0][0]
	216	18	[1][1][0][0][0]
	217	6	[0][1][0][1][0]
	218	14	[1][0][0][1][1]
	219	6	[0][1][0][1][0]
	220	9	[0][1][1][1][0]
	221	6	[0][1][0][1][0]
	222	6	[0][1][0][1][0]
	223	1	[0][0][0][1][0]
	224	6	[0][1][0][1][0]
	225	10	[0][1][1][1][1]
	226	6	[0][1][0][1][0]
	227	6	[0][1][0][1][0]
	228	16	[1][0][1][1][0]
	229	6	[0][1][0][1][0]
	230	6	[0][1][0][1][0]
	231	6	[0][1][0][1][0]
	232	6	[0][1][0][1][0]
	233	6	[0][1][0][1][0]
	234	11	[1][0][0][0][0]
	235	7	[0][1][1][0][0]
	236	4	[0][1][0][0][0]
	237	7	[0][1][1][0][0]
	238	1	[0][0][0][1][0]
	239	9	[0][1][1][1][0]
	240	11	[1][0][0][0][0]
	241	2	[0][0][0][1][1]
	242	11	[1][0][0][0][0]
	243	7	[0][1][1][0][0]
	244	11	[1][0][0][0][0]
	245	1	[0][0][0][1][0]
	246	1	[0][0][0][1][0]
	247	21	[1][1][1][0][0]
	248	5	[0][1][0][0][1]
	249	7	[0][1][1][0][0]
	250	18	[1][1][0][0][0]
	251	1	[0][0][0][1][0]
	252	18	[1][1][0][0][0]
	253	18	[1][1][0][0][0]
	254	7	[0][1][1][0][0]
	255	20	[1][1][0][1][1]
	256	4	[0][1][0][0][0]
	257	6	[0][1][0][1][0]
	258	11	[1][0][0][0][0]
	259	7	[0][1][1][0][0]
	260	11	[1][0][0][0][0]
	261	7	[0][1][1][0][0]
	262	23	[1][1][1][1][0]
	263	7	[0][1][1][0][0]
	264	4	[0][1][0][0][0]
	265	12	[1][0][0][0][1]
	266	7	[0][1][1][0][0]
	267	14	[1][0][0][1][1]
	268	4	[0][1][0][0][0]
	269	18	[1][1][0][0][0]
	270	4	[0][1][0][0][0]
	271	13	[1][0][0][1][0]
	272	6	[0][1][0][1][0]
	273	4	[0][1][0][0][0]
	274	12	[1][0][0][0][1]
	275	21	[1][1][1][0][0]
	276	4	[0][1][0][0][0]
	277	4	[0][1][0][0][0]
	278	7	[0][1][1][0][0]
	279	11	[1][0][0][0][0]
	280	4	[0][1][0][0][0]
	281	4	[0][1][0][0][0]
	282	20	[1][1][0][1][1]
	283	11	[1][0][0][0][0]
	284	7	[0][1][1][0][0]
	285	18	[1][1][0][0][0]
	286	0	[0][0][0][0][1]
	287	6	[0][1][0][1][0]
	288	13	[1][0][0][1][0]
	289	4	[0][1][0][0][0]
	290	4	[0][1][0][0][0]
	291	6	[0][1][0][1][0]
	292	15	[1][0][1][0][0]
	293	3	[0][0][1][0][1]
	294	4	[0][1][0][0][0]
	295	4	[0][1][0][0][0]
	296	21	[1][1][1][0][0]
	297	1	[0][0][0][1][0]
	298	5	[0][1][0][0][1]
	299	17	[1][0][1][1][1]
	300	5	[0][1][0][0][1]