300 5 24
1 2 1 2 1 
2 3 3 5 5 
0 5 0 0 0 0 1
1 20 0 0 0 1 0
2 3 0 0 0 1 1
3 4 0 0 1 0 1
4 46 0 1 0 0 0
5 10 0 1 0 0 1
6 30 0 1 0 1 0
7 32 0 1 1 0 0
8 4 0 1 1 0 1
9 12 0 1 1 1 0
10 3 0 1 1 1 1
11 34 1 0 0 0 0
12 3 1 0 0 0 1
13 11 1 0 0 1 0
14 4 1 0 0 1 1
15 10 1 0 1 0 0
16 7 1 0 1 1 0
17 2 1 0 1 1 1
18 23 1 1 0 0 0
19 6 1 1 0 0 1
20 7 1 1 0 1 1
21 10 1 1 1 0 0
22 4 1 1 1 0 1
23 10 1 1 1 1 0

Cantidad de restricciones violadas (solucion Greedy): 137
Tiempo de ejecucion :255.42 milisegundos
Cantidad de restricciones violadas (solucion final): 58
Tiempo de ejecucion :1570.89 milisegundos
Cantidad de iteraciones: 50
---------------------------------------
Nro. Auto   Clase	Opciones
---------------------------------------

	1	0	[0][0][0][0][1]
	2	23	[1][1][1][1][0]
	3	1	[0][0][0][1][0]
	4	2	[0][0][0][1][1]
	5	4	[0][1][0][0][0]
	6	11	[1][0][0][0][0]
	7	4	[0][1][0][0][0]
	8	4	[0][1][0][0][0]
	9	11	[1][0][0][0][0]
	10	4	[0][1][0][0][0]
	11	9	[0][1][1][1][0]
	12	11	[1][0][0][0][0]
	13	4	[0][1][0][0][0]
	14	4	[0][1][0][0][0]
	15	8	[0][1][1][0][1]
	16	13	[1][0][0][1][0]
	17	15	[1][0][1][0][0]
	18	4	[0][1][0][0][0]
	19	4	[0][1][0][0][0]
	20	11	[1][0][0][0][0]
	21	4	[0][1][0][0][0]
	22	23	[1][1][1][1][0]
	23	12	[1][0][0][0][1]
	24	12	[1][0][0][0][1]
	25	12	[1][0][0][0][1]
	26	4	[0][1][0][0][0]
	27	14	[1][0][0][1][1]
	28	7	[0][1][1][0][0]
	29	6	[0][1][0][1][0]
	30	17	[1][0][1][1][1]
	31	18	[1][1][0][0][0]
	32	19	[1][1][0][0][1]
	33	20	[1][1][0][1][1]
	34	5	[0][1][0][0][1]
	35	22	[1][1][1][0][1]
	36	0	[0][0][0][0][1]
	37	1	[0][0][0][1][0]
	38	2	[0][0][0][1][1]
	39	5	[0][1][0][0][1]
	40	21	[1][1][1][0][0]
	41	6	[0][1][0][1][0]
	42	7	[0][1][1][0][0]
	43	13	[1][0][0][1][0]
	44	10	[0][1][1][1][1]
	45	13	[1][0][0][1][0]
	46	18	[1][1][0][0][0]
	47	19	[1][1][0][0][1]
	48	0	[0][0][0][0][1]
	49	7	[0][1][1][0][0]
	50	19	[1][1][0][0][1]
	51	4	[0][1][0][0][0]
	52	13	[1][0][0][1][0]
	53	15	[1][0][1][0][0]
	54	4	[0][1][0][0][0]
	55	21	[1][1][1][0][0]
	56	7	[0][1][1][0][0]
	57	9	[0][1][1][1][0]
	58	10	[0][1][1][1][1]
	59	14	[1][0][0][1][1]
	60	6	[0][1][0][1][0]
	61	18	[1][1][0][0][0]
	62	21	[1][1][1][0][0]
	63	4	[0][1][0][0][0]
	64	1	[0][0][0][1][0]
	65	3	[0][0][1][0][1]
	66	6	[0][1][0][1][0]
	67	4	[0][1][0][0][0]
	68	11	[1][0][0][0][0]
	69	15	[1][0][1][0][0]
	70	4	[0][1][0][0][0]
	71	19	[1][1][0][0][1]
	72	1	[0][0][0][1][0]
	73	23	[1][1][1][1][0]
	74	1	[0][0][0][1][0]
	75	6	[0][1][0][1][0]
	76	7	[0][1][1][0][0]
	77	13	[1][0][0][1][0]
	78	6	[0][1][0][1][0]
	79	4	[0][1][0][0][0]
	80	21	[1][1][1][0][0]
	81	1	[0][0][0][1][0]
	82	7	[0][1][1][0][0]
	83	14	[1][0][0][1][1]
	84	1	[0][0][0][1][0]
	85	21	[1][1][1][0][0]
	86	4	[0][1][0][0][0]
	87	9	[0][1][1][1][0]
	88	11	[1][0][0][0][0]
	89	18	[1][1][0][0][0]
	90	19	[1][1][0][0][1]
	91	1	[0][0][0][1][0]
	92	11	[1][0][0][0][0]
	93	4	[0][1][0][0][0]
	94	9	[0][1][1][1][0]
	95	16	[1][0][1][1][0]
	96	22	[1][1][1][0][1]
	97	18	[1][1][0][0][0]
	98	11	[1][0][0][0][0]
	99	18	[1][1][0][0][0]
	100	1	[0][0][0][1][0]
	101	6	[0][1][0][1][0]
	102	18	[1][1][0][0][0]
	103	15	[1][0][1][0][0]
	104	15	[1][0][1][0][0]
	105	22	[1][1][1][0][1]
	106	4	[0][1][0][0][0]
	107	4	[0][1][0][0][0]
	108	16	[1][0][1][1][0]
	109	18	[1][1][0][0][0]
	110	23	[1][1][1][1][0]
	111	6	[0][1][0][1][0]
	112	11	[1][0][0][0][0]
	113	19	[1][1][0][0][1]
	114	3	[0][0][1][0][1]
	115	6	[0][1][0][1][0]
	116	11	[1][0][0][0][0]
	117	20	[1][1][0][1][1]
	118	4	[0][1][0][0][0]
	119	7	[0][1][1][0][0]
	120	18	[1][1][0][0][0]
	121	1	[0][0][0][1][0]
	122	15	[1][0][1][0][0]
	123	23	[1][1][1][1][0]
	124	7	[0][1][1][0][0]
	125	23	[1][1][1][1][0]
	126	1	[0][0][0][1][0]
	127	3	[0][0][1][0][1]
	128	11	[1][0][0][0][0]
	129	22	[1][1][1][0][1]
	130	7	[0][1][1][0][0]
	131	21	[1][1][1][0][0]
	132	1	[0][0][0][1][0]
	133	9	[0][1][1][1][0]
	134	15	[1][0][1][0][0]
	135	9	[0][1][1][1][0]
	136	23	[1][1][1][1][0]
	137	9	[0][1][1][1][0]
	138	23	[1][1][1][1][0]
	139	1	[0][0][0][1][0]
	140	11	[1][0][0][0][0]
	141	9	[0][1][1][1][0]
	142	11	[1][0][0][0][0]
	143	8	[0][1][1][0][1]
	144	4	[0][1][0][0][0]
	145	13	[1][0][0][1][0]
	146	4	[0][1][0][0][0]
	147	14	[1][0][0][1][1]
	148	7	[0][1][1][0][0]
	149	7	[0][1][1][0][0]
	150	18	[1][1][0][0][0]
	151	5	[0][1][0][0][1]
	152	21	[1][1][1][0][0]
	153	13	[1][0][0][1][0]
	154	7	[0][1][1][0][0]
	155	9	[0][1][1][1][0]
	156	4	[0][1][0][0][0]
	157	20	[1][1][0][1][1]
	158	11	[1][0][0][0][0]
	159	6	[0][1][0][1][0]
	160	23	[1][1][1][1][0]
	161	4	[0][1][0][0][0]
	162	13	[1][0][0][1][0]
	163	9	[0][1][1][1][0]
	164	7	[0][1][1][0][0]
	165	5	[0][1][0][0][1]
	166	6	[0][1][0][1][0]
	167	4	[0][1][0][0][0]
	168	21	[1][1][1][0][0]
	169	11	[1][0][0][0][0]
	170	13	[1][0][0][1][0]
	171	18	[1][1][0][0][0]
	172	3	[0][0][1][0][1]
	173	6	[0][1][0][1][0]
	174	18	[1][1][0][0][0]
	175	16	[1][0][1][1][0]
	176	6	[0][1][0][1][0]
	177	20	[1][1][0][1][1]
	178	1	[0][0][0][1][0]
	179	4	[0][1][0][0][0]
	180	9	[0][1][1][1][0]
	181	11	[1][0][0][0][0]
	182	8	[0][1][1][0][1]
	183	4	[0][1][0][0][0]
	184	4	[0][1][0][0][0]
	185	7	[0][1][1][0][0]
	186	11	[1][0][0][0][0]
	187	5	[0][1][0][0][1]
	188	16	[1][0][1][1][0]
	189	20	[1][1][0][1][1]
	190	5	[0][1][0][0][1]
	191	11	[1][0][0][0][0]
	192	4	[0][1][0][0][0]
	193	15	[1][0][1][0][0]
	194	1	[0][0][0][1][0]
	195	7	[0][1][1][0][0]
	196	18	[1][1][0][0][0]
	197	5	[0][1][0][0][1]
	198	11	[1][0][0][0][0]
	199	21	[1][1][1][0][0]
	200	7	[0][1][1][0][0]
	201	1	[0][0][0][1][0]
	202	6	[0][1][0][1][0]
	203	18	[1][1][0][0][0]
	204	2	[0][0][0][1][1]
	205	11	[1][0][0][0][0]
	206	4	[0][1][0][0][0]
	207	7	[0][1][1][0][0]
	208	11	[1][0][0][0][0]
	209	7	[0][1][1][0][0]
	210	5	[0][1][0][0][1]
	211	11	[1][0][0][0][0]
	212	1	[0][0][0][1][0]
	213	5	[0][1][0][0][1]
	214	4	[0][1][0][0][0]
	215	4	[0][1][0][0][0]
	216	18	[1][1][0][0][0]
	217	6	[0][1][0][1][0]
	218	18	[1][1][0][0][0]
	219	6	[0][1][0][1][0]
	220	6	[0][1][0][1][0]
	221	6	[0][1][0][1][0]
	222	16	[1][0][1][1][0]
	223	6	[0][1][0][1][0]
	224	17	[1][0][1][1][1]
	225	6	[0][1][0][1][0]
	226	6	[0][1][0][1][0]
	227	6	[0][1][0][1][0]
	228	6	[0][1][0][1][0]
	229	23	[1][1][1][1][0]
	230	6	[0][1][0][1][0]
	231	6	[0][1][0][1][0]
	232	16	[1][0][1][1][0]
	233	6	[0][1][0][1][0]
	234	11	[1][0][0][0][0]
	235	7	[0][1][1][0][0]
	236	7	[0][1][1][0][0]
	237	18	[1][1][0][0][0]
	238	1	[0][0][0][1][0]
	239	9	[0][1][1][1][0]
	240	6	[0][1][0][1][0]
	241	11	[1][0][0][0][0]
	242	7	[0][1][1][0][0]
	243	11	[1][0][0][0][0]
	244	11	[1][0][0][0][0]
	245	11	[1][0][0][0][0]
	246	20	[1][1][0][1][1]
	247	7	[0][1][1][0][0]
	248	18	[1][1][0][0][0]
	249	7	[0][1][1][0][0]
	250	18	[1][1][0][0][0]
	251	18	[1][1][0][0][0]
	252	5	[0][1][0][0][1]
	253	18	[1][1][0][0][0]
	254	7	[0][1][1][0][0]
	255	6	[0][1][0][1][0]
	256	11	[1][0][0][0][0]
	257	0	[0][0][0][0][1]
	258	13	[1][0][0][1][0]
	259	7	[0][1][1][0][0]
	260	7	[0][1][1][0][0]
	261	7	[0][1][1][0][0]
	262	7	[0][1][1][0][0]
	263	7	[0][1][1][0][0]
	264	7	[0][1][1][0][0]
	265	7	[0][1][1][0][0]
	266	11	[1][0][0][0][0]
	267	8	[0][1][1][0][1]
	268	4	[0][1][0][0][0]
	269	1	[0][0][0][1][0]
	270	21	[1][1][1][0][0]
	271	6	[0][1][0][1][0]
	272	11	[1][0][0][0][0]
	273	6	[0][1][0][1][0]
	274	11	[1][0][0][0][0]
	275	4	[0][1][0][0][0]
	276	15	[1][0][1][0][0]
	277	4	[0][1][0][0][0]
	278	4	[0][1][0][0][0]
	279	4	[0][1][0][0][0]
	280	13	[1][0][0][1][0]
	281	4	[0][1][0][0][0]
	282	11	[1][0][0][0][0]
	283	7	[0][1][1][0][0]
	284	11	[1][0][0][0][0]
	285	18	[1][1][0][0][0]
	286	4	[0][1][0][0][0]
	287	15	[1][0][1][0][0]
	288	10	[0][1][1][1][1]
	289	4	[0][1][0][0][0]
	290	4	[0][1][0][0][0]
	291	4	[0][1][0][0][0]
	292	11	[1][0][0][0][0]
	293	18	[1][1][0][0][0]
	294	4	[0][1][0][0][0]
	295	0	[0][0][0][0][1]
	296	4	[0][1][0][0][0]
	297	16	[1][0][1][1][0]
	298	4	[0][1][0][0][0]
	299	1	[0][0][0][1][0]
	300	20	[1][1][0][1][1]