300 5 24
1 2 1 2 1 
2 3 3 5 5 
0 5 0 0 0 0 1
1 20 0 0 0 1 0
2 3 0 0 0 1 1
3 4 0 0 1 0 1
4 46 0 1 0 0 0
5 10 0 1 0 0 1
6 30 0 1 0 1 0
7 32 0 1 1 0 0
8 4 0 1 1 0 1
9 12 0 1 1 1 0
10 3 0 1 1 1 1
11 34 1 0 0 0 0
12 3 1 0 0 0 1
13 11 1 0 0 1 0
14 4 1 0 0 1 1
15 10 1 0 1 0 0
16 7 1 0 1 1 0
17 2 1 0 1 1 1
18 23 1 1 0 0 0
19 6 1 1 0 0 1
20 7 1 1 0 1 1
21 10 1 1 1 0 0
22 4 1 1 1 0 1
23 10 1 1 1 1 0

Cantidad de restricciones violadas (solucion Greedy): 137
Tiempo de ejecucion :256.67 milisegundos
Cantidad de restricciones violadas (solucion final): 52
Tiempo de ejecucion :1702.82 milisegundos
Cantidad de iteraciones: 55
---------------------------------------
Nro. Auto   Clase	Opciones
---------------------------------------

	1	18	[1][1][0][0][0]
	2	4	[0][1][0][0][0]
	3	1	[0][0][0][1][0]
	4	2	[0][0][0][1][1]
	5	4	[0][1][0][0][0]
	6	11	[1][0][0][0][0]
	7	4	[0][1][0][0][0]
	8	4	[0][1][0][0][0]
	9	10	[0][1][1][1][1]
	10	4	[0][1][0][0][0]
	11	9	[0][1][1][1][0]
	12	11	[1][0][0][0][0]
	13	15	[1][0][1][0][0]
	14	6	[0][1][0][1][0]
	15	8	[0][1][1][0][1]
	16	13	[1][0][0][1][0]
	17	15	[1][0][1][0][0]
	18	4	[0][1][0][0][0]
	19	4	[0][1][0][0][0]
	20	11	[1][0][0][0][0]
	21	7	[0][1][1][0][0]
	22	13	[1][0][0][1][0]
	23	22	[1][1][1][0][1]
	24	12	[1][0][0][0][1]
	25	12	[1][0][0][0][1]
	26	13	[1][0][0][1][0]
	27	14	[1][0][0][1][1]
	28	7	[0][1][1][0][0]
	29	0	[0][0][0][0][1]
	30	17	[1][0][1][1][1]
	31	18	[1][1][0][0][0]
	32	4	[0][1][0][0][0]
	33	20	[1][1][0][1][1]
	34	21	[1][1][1][0][0]
	35	22	[1][1][1][0][1]
	36	0	[0][0][0][0][1]
	37	1	[0][0][0][1][0]
	38	2	[0][0][0][1][1]
	39	19	[1][1][0][0][1]
	40	4	[0][1][0][0][0]
	41	6	[0][1][0][1][0]
	42	11	[1][0][0][0][0]
	43	13	[1][0][0][1][0]
	44	10	[0][1][1][1][1]
	45	13	[1][0][0][1][0]
	46	18	[1][1][0][0][0]
	47	19	[1][1][0][0][1]
	48	0	[0][0][0][0][1]
	49	7	[0][1][1][0][0]
	50	19	[1][1][0][0][1]
	51	21	[1][1][1][0][0]
	52	1	[0][0][0][1][0]
	53	1	[0][0][0][1][0]
	54	4	[0][1][0][0][0]
	55	5	[0][1][0][0][1]
	56	7	[0][1][1][0][0]
	57	13	[1][0][0][1][0]
	58	9	[0][1][1][1][0]
	59	14	[1][0][0][1][1]
	60	6	[0][1][0][1][0]
	61	7	[0][1][1][0][0]
	62	21	[1][1][1][0][0]
	63	0	[0][0][0][0][1]
	64	6	[0][1][0][1][0]
	65	19	[1][1][0][0][1]
	66	6	[0][1][0][1][0]
	67	15	[1][0][1][0][0]
	68	11	[1][0][0][0][0]
	69	4	[0][1][0][0][0]
	70	16	[1][0][1][1][0]
	71	19	[1][1][0][0][1]
	72	0	[0][0][0][0][1]
	73	23	[1][1][1][1][0]
	74	4	[0][1][0][0][0]
	75	18	[1][1][0][0][0]
	76	7	[0][1][1][0][0]
	77	6	[0][1][0][1][0]
	78	17	[1][0][1][1][1]
	79	21	[1][1][1][0][0]
	80	4	[0][1][0][0][0]
	81	1	[0][0][0][1][0]
	82	7	[0][1][1][0][0]
	83	6	[0][1][0][1][0]
	84	15	[1][0][1][0][0]
	85	21	[1][1][1][0][0]
	86	4	[0][1][0][0][0]
	87	9	[0][1][1][1][0]
	88	11	[1][0][0][0][0]
	89	18	[1][1][0][0][0]
	90	3	[0][0][1][0][1]
	91	20	[1][1][0][1][1]
	92	4	[0][1][0][0][0]
	93	4	[0][1][0][0][0]
	94	9	[0][1][1][1][0]
	95	16	[1][0][1][1][0]
	96	22	[1][1][1][0][1]
	97	7	[0][1][1][0][0]
	98	11	[1][0][0][0][0]
	99	18	[1][1][0][0][0]
	100	23	[1][1][1][1][0]
	101	15	[1][0][1][0][0]
	102	5	[0][1][0][0][1]
	103	6	[0][1][0][1][0]
	104	15	[1][0][1][0][0]
	105	21	[1][1][1][0][0]
	106	4	[0][1][0][0][0]
	107	9	[0][1][1][1][0]
	108	16	[1][0][1][1][0]
	109	18	[1][1][0][0][0]
	110	7	[0][1][1][0][0]
	111	4	[0][1][0][0][0]
	112	13	[1][0][0][1][0]
	113	19	[1][1][0][0][1]
	114	3	[0][0][1][0][1]
	115	6	[0][1][0][1][0]
	116	11	[1][0][0][0][0]
	117	7	[0][1][1][0][0]
	118	4	[0][1][0][0][0]
	119	7	[0][1][1][0][0]
	120	8	[0][1][1][0][1]
	121	9	[0][1][1][1][0]
	122	15	[1][0][1][0][0]
	123	23	[1][1][1][1][0]
	124	7	[0][1][1][0][0]
	125	15	[1][0][1][0][0]
	126	1	[0][0][0][1][0]
	127	3	[0][0][1][0][1]
	128	4	[0][1][0][0][0]
	129	12	[1][0][0][0][1]
	130	8	[0][1][1][0][1]
	131	21	[1][1][1][0][0]
	132	1	[0][0][0][1][0]
	133	10	[0][1][1][1][1]
	134	11	[1][0][0][0][0]
	135	6	[0][1][0][1][0]
	136	23	[1][1][1][1][0]
	137	9	[0][1][1][1][0]
	138	23	[1][1][1][1][0]
	139	7	[0][1][1][0][0]
	140	18	[1][1][0][0][0]
	141	5	[0][1][0][0][1]
	142	11	[1][0][0][0][0]
	143	23	[1][1][1][1][0]
	144	4	[0][1][0][0][0]
	145	13	[1][0][0][1][0]
	146	3	[0][0][1][0][1]
	147	6	[0][1][0][1][0]
	148	18	[1][1][0][0][0]
	149	11	[1][0][0][0][0]
	150	7	[0][1][1][0][0]
	151	5	[0][1][0][0][1]
	152	21	[1][1][1][0][0]
	153	13	[1][0][0][1][0]
	154	4	[0][1][0][0][0]
	155	9	[0][1][1][1][0]
	156	4	[0][1][0][0][0]
	157	20	[1][1][0][1][1]
	158	11	[1][0][0][0][0]
	159	6	[0][1][0][1][0]
	160	23	[1][1][1][1][0]
	161	18	[1][1][0][0][0]
	162	13	[1][0][0][1][0]
	163	9	[0][1][1][1][0]
	164	7	[0][1][1][0][0]
	165	5	[0][1][0][0][1]
	166	1	[0][0][0][1][0]
	167	4	[0][1][0][0][0]
	168	21	[1][1][1][0][0]
	169	1	[0][0][0][1][0]
	170	9	[0][1][1][1][0]
	171	11	[1][0][0][0][0]
	172	4	[0][1][0][0][0]
	173	5	[0][1][0][0][1]
	174	18	[1][1][0][0][0]
	175	16	[1][0][1][1][0]
	176	16	[1][0][1][1][0]
	177	20	[1][1][0][1][1]
	178	1	[0][0][0][1][0]
	179	4	[0][1][0][0][0]
	180	9	[0][1][1][1][0]
	181	11	[1][0][0][0][0]
	182	8	[0][1][1][0][1]
	183	4	[0][1][0][0][0]
	184	20	[1][1][0][1][1]
	185	7	[0][1][1][0][0]
	186	11	[1][0][0][0][0]
	187	6	[0][1][0][1][0]
	188	21	[1][1][1][0][0]
	189	20	[1][1][0][1][1]
	190	1	[0][0][0][1][0]
	191	11	[1][0][0][0][0]
	192	4	[0][1][0][0][0]
	193	7	[0][1][1][0][0]
	194	1	[0][0][0][1][0]
	195	6	[0][1][0][1][0]
	196	18	[1][1][0][0][0]
	197	7	[0][1][1][0][0]
	198	11	[1][0][0][0][0]
	199	4	[0][1][0][0][0]
	200	7	[0][1][1][0][0]
	201	1	[0][0][0][1][0]
	202	6	[0][1][0][1][0]
	203	18	[1][1][0][0][0]
	204	5	[0][1][0][0][1]
	205	11	[1][0][0][0][0]
	206	1	[0][0][0][1][0]
	207	7	[0][1][1][0][0]
	208	11	[1][0][0][0][0]
	209	7	[0][1][1][0][0]
	210	18	[1][1][0][0][0]
	211	11	[1][0][0][0][0]
	212	6	[0][1][0][1][0]
	213	5	[0][1][0][0][1]
	214	11	[1][0][0][0][0]
	215	4	[0][1][0][0][0]
	216	18	[1][1][0][0][0]
	217	1	[0][0][0][1][0]
	218	11	[1][0][0][0][0]
	219	18	[1][1][0][0][0]
	220	6	[0][1][0][1][0]
	221	14	[1][0][0][1][1]
	222	6	[0][1][0][1][0]
	223	6	[0][1][0][1][0]
	224	6	[0][1][0][1][0]
	225	5	[0][1][0][0][1]
	226	6	[0][1][0][1][0]
	227	13	[1][0][0][1][0]
	228	6	[0][1][0][1][0]
	229	6	[0][1][0][1][0]
	230	16	[1][0][1][1][0]
	231	6	[0][1][0][1][0]
	232	6	[0][1][0][1][0]
	233	6	[0][1][0][1][0]
	234	11	[1][0][0][0][0]
	235	9	[0][1][1][1][0]
	236	7	[0][1][1][0][0]
	237	11	[1][0][0][0][0]
	238	1	[0][0][0][1][0]
	239	11	[1][0][0][0][0]
	240	4	[0][1][0][0][0]
	241	7	[0][1][1][0][0]
	242	11	[1][0][0][0][0]
	243	4	[0][1][0][0][0]
	244	23	[1][1][1][1][0]
	245	11	[1][0][0][0][0]
	246	1	[0][0][0][1][0]
	247	7	[0][1][1][0][0]
	248	18	[1][1][0][0][0]
	249	14	[1][0][0][1][1]
	250	5	[0][1][0][0][1]
	251	18	[1][1][0][0][0]
	252	16	[1][0][1][1][0]
	253	18	[1][1][0][0][0]
	254	7	[0][1][1][0][0]
	255	6	[0][1][0][1][0]
	256	11	[1][0][0][0][0]
	257	18	[1][1][0][0][0]
	258	11	[1][0][0][0][0]
	259	7	[0][1][1][0][0]
	260	7	[0][1][1][0][0]
	261	15	[1][0][1][0][0]
	262	7	[0][1][1][0][0]
	263	18	[1][1][0][0][0]
	264	7	[0][1][1][0][0]
	265	1	[0][0][0][1][0]
	266	20	[1][1][0][1][1]
	267	18	[1][1][0][0][0]
	268	4	[0][1][0][0][0]
	269	1	[0][0][0][1][0]
	270	4	[0][1][0][0][0]
	271	4	[0][1][0][0][0]
	272	18	[1][1][0][0][0]
	273	6	[0][1][0][1][0]
	274	11	[1][0][0][0][0]
	275	2	[0][0][0][1][1]
	276	6	[0][1][0][1][0]
	277	7	[0][1][1][0][0]
	278	4	[0][1][0][0][0]
	279	22	[1][1][1][0][1]
	280	1	[0][0][0][1][0]
	281	4	[0][1][0][0][0]
	282	7	[0][1][1][0][0]
	283	11	[1][0][0][0][0]
	284	7	[0][1][1][0][0]
	285	11	[1][0][0][0][0]
	286	4	[0][1][0][0][0]
	287	4	[0][1][0][0][0]
	288	4	[0][1][0][0][0]
	289	4	[0][1][0][0][0]
	290	4	[0][1][0][0][0]
	291	11	[1][0][0][0][0]
	292	6	[0][1][0][1][0]
	293	4	[0][1][0][0][0]
	294	23	[1][1][1][1][0]
	295	11	[1][0][0][0][0]
	296	4	[0][1][0][0][0]
	297	4	[0][1][0][0][0]
	298	15	[1][0][1][0][0]
	299	23	[1][1][1][1][0]
	300	4	[0][1][0][0][0]