300 5 25
1 2 1 2 1 
2 3 3 5 5 
0 5 0 0 0 0 1
1 14 0 0 0 1 0
2 3 0 0 0 1 1
3 12 0 0 1 0 0
4 3 0 0 1 0 1
5 7 0 0 1 1 0
6 2 0 0 1 1 1
7 51 0 1 0 0 0
8 6 0 1 0 0 1
9 30 0 1 0 1 0
10 6 0 1 0 1 1
11 25 0 1 1 0 0
12 3 0 1 1 0 1
13 35 1 0 0 0 0
14 12 1 0 0 1 0
15 4 1 0 0 1 1
16 11 1 0 1 0 0
17 1 1 0 1 0 1
18 7 1 0 1 1 0
19 9 1 1 0 0 1
20 25 1 1 0 1 0
21 3 1 1 0 1 1
22 14 1 1 1 0 0
23 5 1 1 1 0 1
24 7 1 1 1 1 0

Cantidad de restricciones violadas (solucion Greedy): 119
Tiempo de ejecucion :262.456 milisegundos
Cantidad de restricciones violadas (solucion final): 44
Tiempo de ejecucion :1632.1 milisegundos
Cantidad de iteraciones: 52
---------------------------------------
Nro. Auto   Clase	Opciones
---------------------------------------

	1	0	[0][0][0][0][1]
	2	1	[0][0][0][1][0]
	3	1	[0][0][0][1][0]
	4	13	[1][0][0][0][0]
	5	7	[0][1][0][0][0]
	6	20	[1][1][0][1][0]
	7	4	[0][0][1][0][1]
	8	5	[0][0][1][1][0]
	9	13	[1][0][0][0][0]
	10	9	[0][1][0][1][0]
	11	19	[1][1][0][0][1]
	12	7	[0][1][0][0][0]
	13	5	[0][0][1][1][0]
	14	16	[1][0][1][0][0]
	15	7	[0][1][0][0][0]
	16	7	[0][1][0][0][0]
	17	11	[0][1][1][0][0]
	18	13	[1][0][0][0][0]
	19	14	[1][0][0][1][0]
	20	11	[0][1][1][0][0]
	21	14	[1][0][0][1][0]
	22	7	[0][1][0][0][0]
	23	20	[1][1][0][1][0]
	24	7	[0][1][0][0][0]
	25	16	[1][0][1][0][0]
	26	7	[0][1][0][0][0]
	27	18	[1][0][1][1][0]
	28	9	[0][1][0][1][0]
	29	3	[0][0][1][0][0]
	30	16	[1][0][1][0][0]
	31	7	[0][1][0][0][0]
	32	23	[1][1][1][0][1]
	33	24	[1][1][1][1][0]
	34	1	[0][0][0][1][0]
	35	7	[0][1][0][0][0]
	36	4	[0][0][1][0][1]
	37	8	[0][1][0][0][1]
	38	10	[0][1][0][1][1]
	39	11	[0][1][1][0][0]
	40	13	[1][0][0][0][0]
	41	2	[0][0][0][1][1]
	42	16	[1][0][1][0][0]
	43	20	[1][1][0][1][0]
	44	7	[0][1][0][0][0]
	45	11	[0][1][1][0][0]
	46	0	[0][0][0][0][1]
	47	24	[1][1][1][1][0]
	48	0	[0][0][0][0][1]
	49	9	[0][1][0][1][0]
	50	4	[0][0][1][0][1]
	51	7	[0][1][0][0][0]
	52	13	[1][0][0][0][0]
	53	24	[1][1][1][1][0]
	54	7	[0][1][0][0][0]
	55	15	[1][0][0][1][1]
	56	5	[0][0][1][1][0]
	57	19	[1][1][0][0][1]
	58	8	[0][1][0][0][1]
	59	7	[0][1][0][0][0]
	60	24	[1][1][1][1][0]
	61	2	[0][0][0][1][1]
	62	7	[0][1][0][0][0]
	63	7	[0][1][0][0][0]
	64	17	[1][0][1][0][1]
	65	19	[1][1][0][0][1]
	66	20	[1][1][0][1][0]
	67	24	[1][1][1][1][0]
	68	0	[0][0][0][0][1]
	69	1	[0][0][0][1][0]
	70	18	[1][0][1][1][0]
	71	9	[0][1][0][1][0]
	72	24	[1][1][1][1][0]
	73	10	[0][1][0][1][1]
	74	13	[1][0][0][0][0]
	75	7	[0][1][0][0][0]
	76	24	[1][1][1][1][0]
	77	11	[0][1][1][0][0]
	78	13	[1][0][0][0][0]
	79	20	[1][1][0][1][0]
	80	8	[0][1][0][0][1]
	81	11	[0][1][1][0][0]
	82	16	[1][0][1][0][0]
	83	1	[0][0][0][1][0]
	84	13	[1][0][0][0][0]
	85	7	[0][1][0][0][0]
	86	22	[1][1][1][0][0]
	87	9	[0][1][0][1][0]
	88	10	[0][1][0][1][1]
	89	18	[1][0][1][1][0]
	90	3	[0][0][1][0][0]
	91	7	[0][1][0][0][0]
	92	14	[1][0][0][1][0]
	93	22	[1][1][1][0][0]
	94	10	[0][1][0][1][1]
	95	16	[1][0][1][0][0]
	96	3	[0][0][1][0][0]
	97	11	[0][1][1][0][0]
	98	9	[0][1][0][1][0]
	99	9	[0][1][0][1][0]
	100	16	[1][0][1][0][0]
	101	1	[0][0][0][1][0]
	102	20	[1][1][0][1][0]
	103	21	[1][1][0][1][1]
	104	11	[0][1][1][0][0]
	105	13	[1][0][0][0][0]
	106	1	[0][0][0][1][0]
	107	15	[1][0][0][1][1]
	108	11	[0][1][1][0][0]
	109	7	[0][1][0][0][0]
	110	19	[1][1][0][0][1]
	111	7	[0][1][0][0][0]
	112	3	[0][0][1][0][0]
	113	9	[0][1][0][1][0]
	114	22	[1][1][1][0][0]
	115	13	[1][0][0][0][0]
	116	5	[0][0][1][1][0]
	117	8	[0][1][0][0][1]
	118	22	[1][1][1][0][0]
	119	14	[1][0][0][1][0]
	120	8	[0][1][0][0][1]
	121	12	[0][1][1][0][1]
	122	23	[1][1][1][0][1]
	123	15	[1][0][0][1][1]
	124	10	[0][1][0][1][1]
	125	7	[0][1][0][0][0]
	126	23	[1][1][1][0][1]
	127	1	[0][0][0][1][0]
	128	22	[1][1][1][0][0]
	129	20	[1][1][0][1][0]
	130	8	[0][1][0][0][1]
	131	16	[1][0][1][0][0]
	132	14	[1][0][0][1][0]
	133	13	[1][0][0][0][0]
	134	11	[0][1][1][0][0]
	135	10	[0][1][0][1][1]
	136	13	[1][0][0][0][0]
	137	13	[1][0][0][0][0]
	138	14	[1][0][0][1][0]
	139	11	[0][1][1][0][0]
	140	19	[1][1][0][0][1]
	141	20	[1][1][0][1][0]
	142	3	[0][0][1][0][0]
	143	9	[0][1][0][1][0]
	144	13	[1][0][0][0][0]
	145	16	[1][0][1][0][0]
	146	1	[0][0][0][1][0]
	147	23	[1][1][1][0][1]
	148	9	[0][1][0][1][0]
	149	20	[1][1][0][1][0]
	150	3	[0][0][1][0][0]
	151	19	[1][1][0][0][1]
	152	14	[1][0][0][1][0]
	153	22	[1][1][1][0][0]
	154	7	[0][1][0][0][0]
	155	11	[0][1][1][0][0]
	156	20	[1][1][0][1][0]
	157	1	[0][0][0][1][0]
	158	22	[1][1][1][0][0]
	159	7	[0][1][0][0][0]
	160	20	[1][1][0][1][0]
	161	6	[0][0][1][1][1]
	162	22	[1][1][1][0][0]
	163	3	[0][0][1][0][0]
	164	9	[0][1][0][1][0]
	165	14	[1][0][0][1][0]
	166	22	[1][1][1][0][0]
	167	7	[0][1][0][0][0]
	168	13	[1][0][0][0][0]
	169	23	[1][1][1][0][1]
	170	20	[1][1][0][1][0]
	171	3	[0][0][1][0][0]
	172	13	[1][0][0][0][0]
	173	22	[1][1][1][0][0]
	174	1	[0][0][0][1][0]
	175	1	[0][0][0][1][0]
	176	19	[1][1][0][0][1]
	177	16	[1][0][1][0][0]
	178	11	[0][1][1][0][0]
	179	7	[0][1][0][0][0]
	180	16	[1][0][1][0][0]
	181	20	[1][1][0][1][0]
	182	13	[1][0][0][0][0]
	183	9	[0][1][0][1][0]
	184	3	[0][0][1][0][0]
	185	22	[1][1][1][0][0]
	186	3	[0][0][1][0][0]
	187	11	[0][1][1][0][0]
	188	22	[1][1][1][0][0]
	189	14	[1][0][0][1][0]
	190	11	[0][1][1][0][0]
	191	7	[0][1][0][0][0]
	192	1	[0][0][0][1][0]
	193	7	[0][1][0][0][0]
	194	13	[1][0][0][0][0]
	195	9	[0][1][0][1][0]
	196	11	[0][1][1][0][0]
	197	11	[0][1][1][0][0]
	198	14	[1][0][0][1][0]
	199	7	[0][1][0][0][0]
	200	19	[1][1][0][0][1]
	201	1	[0][0][0][1][0]
	202	3	[0][0][1][0][0]
	203	13	[1][0][0][0][0]
	204	7	[0][1][0][0][0]
	205	11	[0][1][1][0][0]
	206	20	[1][1][0][1][0]
	207	11	[0][1][1][0][0]
	208	13	[1][0][0][0][0]
	209	7	[0][1][0][0][0]
	210	14	[1][0][0][1][0]
	211	9	[0][1][0][1][0]
	212	18	[1][0][1][1][0]
	213	11	[0][1][1][0][0]
	214	22	[1][1][1][0][0]
	215	9	[0][1][0][1][0]
	216	13	[1][0][0][0][0]
	217	14	[1][0][0][1][0]
	218	7	[0][1][0][0][0]
	219	21	[1][1][0][1][1]
	220	9	[0][1][0][1][0]
	221	9	[0][1][0][1][0]
	222	9	[0][1][0][1][0]
	223	5	[0][0][1][1][0]
	224	18	[1][0][1][1][0]
	225	9	[0][1][0][1][0]
	226	9	[0][1][0][1][0]
	227	15	[1][0][0][1][1]
	228	9	[0][1][0][1][0]
	229	9	[0][1][0][1][0]
	230	9	[0][1][0][1][0]
	231	9	[0][1][0][1][0]
	232	13	[1][0][0][0][0]
	233	21	[1][1][0][1][1]
	234	7	[0][1][0][0][0]
	235	11	[0][1][1][0][0]
	236	11	[0][1][1][0][0]
	237	20	[1][1][0][1][0]
	238	2	[0][0][0][1][1]
	239	13	[1][0][0][0][0]
	240	13	[1][0][0][0][0]
	241	20	[1][1][0][1][0]
	242	12	[0][1][1][0][1]
	243	20	[1][1][0][1][0]
	244	9	[0][1][0][1][0]
	245	7	[0][1][0][0][0]
	246	13	[1][0][0][0][0]
	247	20	[1][1][0][1][0]
	248	3	[0][0][1][0][0]
	249	11	[0][1][1][0][0]
	250	22	[1][1][1][0][0]
	251	13	[1][0][0][0][0]
	252	7	[0][1][0][0][0]
	253	7	[0][1][0][0][0]
	254	9	[0][1][0][1][0]
	255	13	[1][0][0][0][0]
	256	11	[0][1][1][0][0]
	257	7	[0][1][0][0][0]
	258	9	[0][1][0][1][0]
	259	13	[1][0][0][0][0]
	260	11	[0][1][1][0][0]
	261	7	[0][1][0][0][0]
	262	0	[0][0][0][0][1]
	263	7	[0][1][0][0][0]
	264	20	[1][1][0][1][0]
	265	13	[1][0][0][0][0]
	266	13	[1][0][0][0][0]
	267	20	[1][1][0][1][0]
	268	7	[0][1][0][0][0]
	269	5	[0][0][1][1][0]
	270	20	[1][1][0][1][0]
	271	7	[0][1][0][0][0]
	272	13	[1][0][0][0][0]
	273	20	[1][1][0][1][0]
	274	7	[0][1][0][0][0]
	275	20	[1][1][0][1][0]
	276	7	[0][1][0][0][0]
	277	18	[1][0][1][1][0]
	278	7	[0][1][0][0][0]
	279	13	[1][0][0][0][0]
	280	12	[0][1][1][0][1]
	281	7	[0][1][0][0][0]
	282	18	[1][0][1][1][0]
	283	20	[1][1][0][1][0]
	284	9	[0][1][0][1][0]
	285	6	[0][0][1][1][1]
	286	7	[0][1][0][0][0]
	287	7	[0][1][0][0][0]
	288	13	[1][0][0][0][0]
	289	19	[1][1][0][0][1]
	290	7	[0][1][0][0][0]
	291	13	[1][0][0][0][0]
	292	9	[0][1][0][1][0]
	293	20	[1][1][0][1][0]
	294	7	[0][1][0][0][0]
	295	13	[1][0][0][0][0]
	296	9	[0][1][0][1][0]
	297	5	[0][0][1][1][0]
	298	7	[0][1][0][0][0]
	299	7	[0][1][0][0][0]
	300	7	[0][1][0][0][0]