300 5 25
1 2 1 2 1 
2 3 3 5 5 
0 5 0 0 0 0 1
1 14 0 0 0 1 0
2 3 0 0 0 1 1
3 12 0 0 1 0 0
4 3 0 0 1 0 1
5 7 0 0 1 1 0
6 2 0 0 1 1 1
7 51 0 1 0 0 0
8 6 0 1 0 0 1
9 30 0 1 0 1 0
10 6 0 1 0 1 1
11 25 0 1 1 0 0
12 3 0 1 1 0 1
13 35 1 0 0 0 0
14 12 1 0 0 1 0
15 4 1 0 0 1 1
16 11 1 0 1 0 0
17 1 1 0 1 0 1
18 7 1 0 1 1 0
19 9 1 1 0 0 1
20 25 1 1 0 1 0
21 3 1 1 0 1 1
22 14 1 1 1 0 0
23 5 1 1 1 0 1
24 7 1 1 1 1 0

Cantidad de restricciones violadas (solucion Greedy): 119
Tiempo de ejecucion :263.109 milisegundos
Cantidad de restricciones violadas (solucion final): 54
Tiempo de ejecucion :1434.61 milisegundos
Cantidad de iteraciones: 45
---------------------------------------
Nro. Auto   Clase	Opciones
---------------------------------------

	1	13	[1][0][0][0][0]
	2	11	[0][1][1][0][0]
	3	1	[0][0][0][1][0]
	4	2	[0][0][0][1][1]
	5	7	[0][1][0][0][0]
	6	13	[1][0][0][0][0]
	7	22	[1][1][1][0][0]
	8	5	[0][0][1][1][0]
	9	20	[1][1][0][1][0]
	10	5	[0][0][1][1][0]
	11	5	[0][0][1][1][0]
	12	5	[0][0][1][1][0]
	13	11	[0][1][1][0][0]
	14	5	[0][0][1][1][0]
	15	6	[0][0][1][1][1]
	16	7	[0][1][0][0][0]
	17	11	[0][1][1][0][0]
	18	13	[1][0][0][0][0]
	19	14	[1][0][0][1][0]
	20	11	[0][1][1][0][0]
	21	14	[1][0][0][1][0]
	22	19	[1][1][0][0][1]
	23	3	[0][0][1][0][0]
	24	21	[1][1][0][1][1]
	25	7	[0][1][0][0][0]
	26	19	[1][1][0][0][1]
	27	18	[1][0][1][1][0]
	28	0	[0][0][0][0][1]
	29	3	[0][0][1][0][0]
	30	6	[0][0][1][1][1]
	31	7	[0][1][0][0][0]
	32	7	[0][1][0][0][0]
	33	24	[1][1][1][1][0]
	34	1	[0][0][0][1][0]
	35	13	[1][0][0][0][0]
	36	4	[0][0][1][0][1]
	37	8	[0][1][0][0][1]
	38	10	[0][1][0][1][1]
	39	11	[0][1][1][0][0]
	40	13	[1][0][0][0][0]
	41	15	[1][0][0][1][1]
	42	16	[1][0][1][0][0]
	43	18	[1][0][1][1][0]
	44	20	[1][1][0][1][0]
	45	4	[0][0][1][0][1]
	46	23	[1][1][1][0][1]
	47	24	[1][1][1][1][0]
	48	11	[0][1][1][0][0]
	49	18	[1][0][1][1][0]
	50	4	[0][0][1][0][1]
	51	7	[0][1][0][0][0]
	52	13	[1][0][0][0][0]
	53	24	[1][1][1][1][0]
	54	12	[0][1][1][0][1]
	55	15	[1][0][0][1][1]
	56	16	[1][0][1][0][0]
	57	19	[1][1][0][0][1]
	58	0	[0][0][0][0][1]
	59	23	[1][1][1][0][1]
	60	7	[0][1][0][0][0]
	61	2	[0][0][0][1][1]
	62	9	[0][1][0][1][0]
	63	7	[0][1][0][0][0]
	64	17	[1][0][1][0][1]
	65	19	[1][1][0][0][1]
	66	1	[0][0][0][1][0]
	67	24	[1][1][1][1][0]
	68	0	[0][0][0][0][1]
	69	1	[0][0][0][1][0]
	70	11	[0][1][1][0][0]
	71	2	[0][0][0][1][1]
	72	24	[1][1][1][1][0]
	73	9	[0][1][0][1][0]
	74	13	[1][0][0][0][0]
	75	7	[0][1][0][0][0]
	76	24	[1][1][1][1][0]
	77	11	[0][1][1][0][0]
	78	13	[1][0][0][0][0]
	79	20	[1][1][0][1][0]
	80	8	[0][1][0][0][1]
	81	7	[0][1][0][0][0]
	82	16	[1][0][1][0][0]
	83	1	[0][0][0][1][0]
	84	12	[0][1][1][0][1]
	85	7	[0][1][0][0][0]
	86	22	[1][1][1][0][0]
	87	9	[0][1][0][1][0]
	88	1	[0][0][0][1][0]
	89	18	[1][0][1][1][0]
	90	7	[0][1][0][0][0]
	91	7	[0][1][0][0][0]
	92	14	[1][0][0][1][0]
	93	22	[1][1][1][0][0]
	94	10	[0][1][0][1][1]
	95	7	[0][1][0][0][0]
	96	3	[0][0][1][0][0]
	97	13	[1][0][0][0][0]
	98	11	[0][1][1][0][0]
	99	9	[0][1][0][1][0]
	100	16	[1][0][1][0][0]
	101	1	[0][0][0][1][0]
	102	14	[1][0][0][1][0]
	103	21	[1][1][0][1][1]
	104	11	[0][1][1][0][0]
	105	13	[1][0][0][0][0]
	106	1	[0][0][0][1][0]
	107	15	[1][0][0][1][1]
	108	7	[0][1][0][0][0]
	109	18	[1][0][1][1][0]
	110	19	[1][1][0][0][1]
	111	21	[1][1][0][1][1]
	112	3	[0][0][1][0][0]
	113	19	[1][1][0][0][1]
	114	22	[1][1][1][0][0]
	115	13	[1][0][0][0][0]
	116	13	[1][0][0][0][0]
	117	8	[0][1][0][0][1]
	118	22	[1][1][1][0][0]
	119	14	[1][0][0][1][0]
	120	8	[0][1][0][0][1]
	121	9	[0][1][0][1][0]
	122	23	[1][1][1][0][1]
	123	15	[1][0][0][1][1]
	124	10	[0][1][0][1][1]
	125	7	[0][1][0][0][0]
	126	23	[1][1][1][0][1]
	127	1	[0][0][0][1][0]
	128	22	[1][1][1][0][0]
	129	20	[1][1][0][1][0]
	130	19	[1][1][0][0][1]
	131	7	[0][1][0][0][0]
	132	14	[1][0][0][1][0]
	133	13	[1][0][0][0][0]
	134	11	[0][1][1][0][0]
	135	10	[0][1][0][1][1]
	136	11	[0][1][1][0][0]
	137	13	[1][0][0][0][0]
	138	14	[1][0][0][1][0]
	139	7	[0][1][0][0][0]
	140	19	[1][1][0][0][1]
	141	20	[1][1][0][1][0]
	142	3	[0][0][1][0][0]
	143	9	[0][1][0][1][0]
	144	9	[0][1][0][1][0]
	145	16	[1][0][1][0][0]
	146	1	[0][0][0][1][0]
	147	8	[0][1][0][0][1]
	148	16	[1][0][1][0][0]
	149	20	[1][1][0][1][0]
	150	3	[0][0][1][0][0]
	151	7	[0][1][0][0][0]
	152	14	[1][0][0][1][0]
	153	22	[1][1][1][0][0]
	154	7	[0][1][0][0][0]
	155	11	[0][1][1][0][0]
	156	20	[1][1][0][1][0]
	157	10	[0][1][0][1][1]
	158	22	[1][1][1][0][0]
	159	20	[1][1][0][1][0]
	160	1	[0][0][0][1][0]
	161	16	[1][0][1][0][0]
	162	22	[1][1][1][0][0]
	163	3	[0][0][1][0][0]
	164	9	[0][1][0][1][0]
	165	14	[1][0][0][1][0]
	166	22	[1][1][1][0][0]
	167	7	[0][1][0][0][0]
	168	13	[1][0][0][0][0]
	169	10	[0][1][0][1][1]
	170	20	[1][1][0][1][0]
	171	3	[0][0][1][0][0]
	172	13	[1][0][0][0][0]
	173	11	[0][1][1][0][0]
	174	13	[1][0][0][0][0]
	175	1	[0][0][0][1][0]
	176	8	[0][1][0][0][1]
	177	9	[0][1][0][1][0]
	178	11	[0][1][1][0][0]
	179	7	[0][1][0][0][0]
	180	11	[0][1][1][0][0]
	181	20	[1][1][0][1][0]
	182	13	[1][0][0][0][0]
	183	20	[1][1][0][1][0]
	184	3	[0][0][1][0][0]
	185	14	[1][0][0][1][0]
	186	20	[1][1][0][1][0]
	187	7	[0][1][0][0][0]
	188	22	[1][1][1][0][0]
	189	14	[1][0][0][1][0]
	190	7	[0][1][0][0][0]
	191	16	[1][0][1][0][0]
	192	7	[0][1][0][0][0]
	193	20	[1][1][0][1][0]
	194	0	[0][0][0][0][1]
	195	9	[0][1][0][1][0]
	196	3	[0][0][1][0][0]
	197	11	[0][1][1][0][0]
	198	14	[1][0][0][1][0]
	199	11	[0][1][1][0][0]
	200	9	[0][1][0][1][0]
	201	7	[0][1][0][0][0]
	202	3	[0][0][1][0][0]
	203	13	[1][0][0][0][0]
	204	7	[0][1][0][0][0]
	205	11	[0][1][1][0][0]
	206	20	[1][1][0][1][0]
	207	11	[0][1][1][0][0]
	208	13	[1][0][0][0][0]
	209	7	[0][1][0][0][0]
	210	22	[1][1][1][0][0]
	211	9	[0][1][0][1][0]
	212	20	[1][1][0][1][0]
	213	0	[0][0][0][0][1]
	214	22	[1][1][1][0][0]
	215	9	[0][1][0][1][0]
	216	13	[1][0][0][0][0]
	217	12	[0][1][1][0][1]
	218	9	[0][1][0][1][0]
	219	9	[0][1][0][1][0]
	220	9	[0][1][0][1][0]
	221	9	[0][1][0][1][0]
	222	9	[0][1][0][1][0]
	223	16	[1][0][1][0][0]
	224	9	[0][1][0][1][0]
	225	13	[1][0][0][0][0]
	226	9	[0][1][0][1][0]
	227	9	[0][1][0][1][0]
	228	9	[0][1][0][1][0]
	229	13	[1][0][0][0][0]
	230	9	[0][1][0][1][0]
	231	13	[1][0][0][0][0]
	232	7	[0][1][0][0][0]
	233	9	[0][1][0][1][0]
	234	13	[1][0][0][0][0]
	235	11	[0][1][1][0][0]
	236	20	[1][1][0][1][0]
	237	20	[1][1][0][1][0]
	238	11	[0][1][1][0][0]
	239	13	[1][0][0][0][0]
	240	19	[1][1][0][0][1]
	241	7	[0][1][0][0][0]
	242	20	[1][1][0][1][0]
	243	20	[1][1][0][1][0]
	244	7	[0][1][0][0][0]
	245	7	[0][1][0][0][0]
	246	13	[1][0][0][0][0]
	247	20	[1][1][0][1][0]
	248	11	[0][1][1][0][0]
	249	11	[0][1][1][0][0]
	250	22	[1][1][1][0][0]
	251	9	[0][1][0][1][0]
	252	7	[0][1][0][0][0]
	253	16	[1][0][1][0][0]
	254	9	[0][1][0][1][0]
	255	13	[1][0][0][0][0]
	256	7	[0][1][0][0][0]
	257	7	[0][1][0][0][0]
	258	9	[0][1][0][1][0]
	259	13	[1][0][0][0][0]
	260	20	[1][1][0][1][0]
	261	18	[1][0][1][1][0]
	262	7	[0][1][0][0][0]
	263	13	[1][0][0][0][0]
	264	9	[0][1][0][1][0]
	265	11	[0][1][1][0][0]
	266	13	[1][0][0][0][0]
	267	20	[1][1][0][1][0]
	268	7	[0][1][0][0][0]
	269	13	[1][0][0][0][0]
	270	5	[0][0][1][1][0]
	271	7	[0][1][0][0][0]
	272	13	[1][0][0][0][0]
	273	20	[1][1][0][1][0]
	274	7	[0][1][0][0][0]
	275	20	[1][1][0][1][0]
	276	7	[0][1][0][0][0]
	277	13	[1][0][0][0][0]
	278	9	[0][1][0][1][0]
	279	1	[0][0][0][1][0]
	280	20	[1][1][0][1][0]
	281	7	[0][1][0][0][0]
	282	7	[0][1][0][0][0]
	283	23	[1][1][1][0][1]
	284	7	[0][1][0][0][0]
	285	1	[0][0][0][1][0]
	286	7	[0][1][0][0][0]
	287	7	[0][1][0][0][0]
	288	7	[0][1][0][0][0]
	289	16	[1][0][1][0][0]
	290	7	[0][1][0][0][0]
	291	5	[0][0][1][1][0]
	292	7	[0][1][0][0][0]
	293	9	[0][1][0][1][0]
	294	18	[1][0][1][1][0]
	295	7	[0][1][0][0][0]
	296	13	[1][0][0][0][0]
	297	7	[0][1][0][0][0]
	298	24	[1][1][1][1][0]
	299	3	[0][0][1][0][0]
	300	7	[0][1][0][0][0]