200 5 19
1 2 1 2 1 
2 3 3 5 5 
0 5 0 0 0 0 1
1 7 0 0 0 1 1
2 1 0 0 1 0 1
3 67 0 1 0 0 0
4 7 0 1 0 1 1
5 15 0 1 1 0 0
6 1 0 1 1 1 1
7 26 1 0 0 0 0
8 6 1 0 0 0 1
9 11 1 0 0 1 0
10 5 1 0 0 1 1
11 9 1 0 1 0 0
12 6 1 0 1 1 0
13 1 1 0 1 1 1
14 2 1 1 0 1 1
15 20 1 1 1 0 0
16 3 1 1 1 0 1
17 6 1 1 1 1 0
18 2 1 1 1 1 1

Cantidad de restricciones violadas (solucion Greedy): 84
Tiempo de ejecucion :93.037 milisegundos
Cantidad de restricciones violadas (solucion final): 43
Tiempo de ejecucion :401.175 milisegundos
Cantidad de iteraciones: 26
---------------------------------------
Nro. Auto   Clase	Opciones
---------------------------------------

	1	3	[0][1][0][0][0]
	2	1	[0][0][0][1][1]
	3	1	[0][0][0][1][1]
	4	2	[0][0][1][0][1]
	5	3	[0][1][0][0][0]
	6	4	[0][1][0][1][1]
	7	7	[1][0][0][0][0]
	8	6	[0][1][1][1][1]
	9	8	[1][0][0][0][1]
	10	9	[1][0][0][1][0]
	11	11	[1][0][1][0][0]
	12	3	[0][1][0][0][0]
	13	16	[1][1][1][0][1]
	14	0	[0][0][0][0][1]
	15	5	[0][1][1][0][0]
	16	7	[1][0][0][0][0]
	17	8	[1][0][0][0][1]
	18	11	[1][0][1][0][0]
	19	9	[1][0][0][1][0]
	20	10	[1][0][0][1][1]
	21	3	[0][1][0][0][0]
	22	15	[1][1][1][0][0]
	23	3	[0][1][0][0][0]
	24	3	[0][1][0][0][0]
	25	7	[1][0][0][0][0]
	26	8	[1][0][0][0][1]
	27	5	[0][1][1][0][0]
	28	14	[1][1][0][1][1]
	29	0	[0][0][0][0][1]
	30	5	[0][1][1][0][0]
	31	0	[0][0][0][0][1]
	32	3	[0][1][0][0][0]
	33	7	[1][0][0][0][0]
	34	3	[0][1][0][0][0]
	35	9	[1][0][0][1][0]
	36	15	[1][1][1][0][0]
	37	15	[1][1][1][0][0]
	38	5	[0][1][1][0][0]
	39	8	[1][0][0][0][1]
	40	3	[0][1][0][0][0]
	41	16	[1][1][1][0][1]
	42	4	[0][1][0][1][1]
	43	11	[1][0][1][0][0]
	44	1	[0][0][0][1][1]
	45	11	[1][0][1][0][0]
	46	3	[0][1][0][0][0]
	47	3	[0][1][0][0][0]
	48	9	[1][0][0][1][0]
	49	16	[1][1][1][0][1]
	50	5	[0][1][1][0][0]
	51	3	[0][1][0][0][0]
	52	11	[1][0][1][0][0]
	53	3	[0][1][0][0][0]
	54	7	[1][0][0][0][0]
	55	15	[1][1][1][0][0]
	56	5	[0][1][1][0][0]
	57	7	[1][0][0][0][0]
	58	12	[1][0][1][1][0]
	59	3	[0][1][0][0][0]
	60	7	[1][0][0][0][0]
	61	3	[0][1][0][0][0]
	62	11	[1][0][1][0][0]
	63	12	[1][0][1][1][0]
	64	15	[1][1][1][0][0]
	65	17	[1][1][1][1][0]
	66	7	[1][0][0][0][0]
	67	15	[1][1][1][0][0]
	68	1	[0][0][0][1][1]
	69	7	[1][0][0][0][0]
	70	3	[0][1][0][0][0]
	71	5	[0][1][1][0][0]
	72	3	[0][1][0][0][0]
	73	4	[0][1][0][1][1]
	74	11	[1][0][1][0][0]
	75	1	[0][0][0][1][1]
	76	4	[0][1][0][1][1]
	77	11	[1][0][1][0][0]
	78	3	[0][1][0][0][0]
	79	15	[1][1][1][0][0]
	80	1	[0][0][0][1][1]
	81	3	[0][1][0][0][0]
	82	5	[0][1][1][0][0]
	83	10	[1][0][0][1][1]
	84	4	[0][1][0][1][1]
	85	15	[1][1][1][0][0]
	86	1	[0][0][0][1][1]
	87	9	[1][0][0][1][0]
	88	12	[1][0][1][1][0]
	89	7	[1][0][0][0][0]
	90	3	[0][1][0][0][0]
	91	15	[1][1][1][0][0]
	92	3	[0][1][0][0][0]
	93	7	[1][0][0][0][0]
	94	17	[1][1][1][1][0]
	95	7	[1][0][0][0][0]
	96	9	[1][0][0][1][0]
	97	5	[0][1][1][0][0]
	98	12	[1][0][1][1][0]
	99	3	[0][1][0][0][0]
	100	15	[1][1][1][0][0]
	101	9	[1][0][0][1][0]
	102	5	[0][1][1][0][0]
	103	18	[1][1][1][1][1]
	104	3	[0][1][0][0][0]
	105	3	[0][1][0][0][0]
	106	15	[1][1][1][0][0]
	107	12	[1][0][1][1][0]
	108	15	[1][1][1][0][0]
	109	17	[1][1][1][1][0]
	110	5	[0][1][1][0][0]
	111	9	[1][0][0][1][0]
	112	3	[0][1][0][0][0]
	113	7	[1][0][0][0][0]
	114	3	[0][1][0][0][0]
	115	4	[0][1][0][1][1]
	116	9	[1][0][0][1][0]
	117	15	[1][1][1][0][0]
	118	3	[0][1][0][0][0]
	119	5	[0][1][1][0][0]
	120	7	[1][0][0][0][0]
	121	8	[1][0][0][0][1]
	122	3	[0][1][0][0][0]
	123	7	[1][0][0][0][0]
	124	5	[0][1][1][0][0]
	125	3	[0][1][0][0][0]
	126	15	[1][1][1][0][0]
	127	10	[1][0][0][1][1]
	128	7	[1][0][0][0][0]
	129	5	[0][1][1][0][0]
	130	3	[0][1][0][0][0]
	131	3	[0][1][0][0][0]
	132	9	[1][0][0][1][0]
	133	5	[0][1][1][0][0]
	134	15	[1][1][1][0][0]
	135	15	[1][1][1][0][0]
	136	3	[0][1][0][0][0]
	137	7	[1][0][0][0][0]
	138	0	[0][0][0][0][1]
	139	3	[0][1][0][0][0]
	140	7	[1][0][0][0][0]
	141	15	[1][1][1][0][0]
	142	3	[0][1][0][0][0]
	143	17	[1][1][1][1][0]
	144	3	[0][1][0][0][0]
	145	7	[1][0][0][0][0]
	146	3	[0][1][0][0][0]
	147	7	[1][0][0][0][0]
	148	3	[0][1][0][0][0]
	149	9	[1][0][0][1][0]
	150	3	[0][1][0][0][0]
	151	7	[1][0][0][0][0]
	152	3	[0][1][0][0][0]
	153	7	[1][0][0][0][0]
	154	3	[0][1][0][0][0]
	155	10	[1][0][0][1][1]
	156	3	[0][1][0][0][0]
	157	7	[1][0][0][0][0]
	158	3	[0][1][0][0][0]
	159	3	[0][1][0][0][0]
	160	15	[1][1][1][0][0]
	161	3	[0][1][0][0][0]
	162	3	[0][1][0][0][0]
	163	3	[0][1][0][0][0]
	164	3	[0][1][0][0][0]
	165	3	[0][1][0][0][0]
	166	7	[1][0][0][0][0]
	167	15	[1][1][1][0][0]
	168	3	[0][1][0][0][0]
	169	11	[1][0][1][0][0]
	170	4	[0][1][0][1][1]
	171	3	[0][1][0][0][0]
	172	7	[1][0][0][0][0]
	173	3	[0][1][0][0][0]
	174	3	[0][1][0][0][0]
	175	10	[1][0][0][1][1]
	176	3	[0][1][0][0][0]
	177	12	[1][0][1][1][0]
	178	3	[0][1][0][0][0]
	179	3	[0][1][0][0][0]
	180	3	[0][1][0][0][0]
	181	14	[1][1][0][1][1]
	182	3	[0][1][0][0][0]
	183	3	[0][1][0][0][0]
	184	18	[1][1][1][1][1]
	185	17	[1][1][1][1][0]
	186	3	[0][1][0][0][0]
	187	3	[0][1][0][0][0]
	188	15	[1][1][1][0][0]
	189	3	[0][1][0][0][0]
	190	0	[0][0][0][0][1]
	191	17	[1][1][1][1][0]
	192	3	[0][1][0][0][0]
	193	7	[1][0][0][0][0]
	194	3	[0][1][0][0][0]
	195	3	[0][1][0][0][0]
	196	13	[1][0][1][1][1]
	197	8	[1][0][0][0][1]
	198	3	[0][1][0][0][0]
	199	3	[0][1][0][0][0]
	200	3	[0][1][0][0][0]