200 5 19
1 2 1 2 1 
2 3 3 5 5 
0 5 0 0 0 0 1
1 7 0 0 0 1 1
2 1 0 0 1 0 1
3 67 0 1 0 0 0
4 7 0 1 0 1 1
5 15 0 1 1 0 0
6 1 0 1 1 1 1
7 26 1 0 0 0 0
8 6 1 0 0 0 1
9 11 1 0 0 1 0
10 5 1 0 0 1 1
11 9 1 0 1 0 0
12 6 1 0 1 1 0
13 1 1 0 1 1 1
14 2 1 1 0 1 1
15 20 1 1 1 0 0
16 3 1 1 1 0 1
17 6 1 1 1 1 0
18 2 1 1 1 1 1

Cantidad de restricciones violadas (solucion Greedy): 84
Tiempo de ejecucion :93.037 milisegundos
Cantidad de restricciones violadas (solucion final): 35
Tiempo de ejecucion :515.465 milisegundos
Cantidad de iteraciones: 36
---------------------------------------
Nro. Auto   Clase	Opciones
---------------------------------------

	1	0	[0][0][0][0][1]
	2	1	[0][0][0][1][1]
	3	1	[0][0][0][1][1]
	4	3	[0][1][0][0][0]
	5	3	[0][1][0][0][0]
	6	15	[1][1][1][0][0]
	7	7	[1][0][0][0][0]
	8	6	[0][1][1][1][1]
	9	8	[1][0][0][0][1]
	10	3	[0][1][0][0][0]
	11	11	[1][0][1][0][0]
	12	3	[0][1][0][0][0]
	13	16	[1][1][1][0][1]
	14	0	[0][0][0][0][1]
	15	5	[0][1][1][0][0]
	16	7	[1][0][0][0][0]
	17	8	[1][0][0][0][1]
	18	11	[1][0][1][0][0]
	19	9	[1][0][0][1][0]
	20	3	[0][1][0][0][0]
	21	14	[1][1][0][1][1]
	22	3	[0][1][0][0][0]
	23	18	[1][1][1][1][1]
	24	3	[0][1][0][0][0]
	25	7	[1][0][0][0][0]
	26	3	[0][1][0][0][0]
	27	11	[1][0][1][0][0]
	28	3	[0][1][0][0][0]
	29	0	[0][0][0][0][1]
	30	3	[0][1][0][0][0]
	31	17	[1][1][1][1][0]
	32	3	[0][1][0][0][0]
	33	7	[1][0][0][0][0]
	34	3	[0][1][0][0][0]
	35	9	[1][0][0][1][0]
	36	3	[0][1][0][0][0]
	37	0	[0][0][0][0][1]
	38	5	[0][1][1][0][0]
	39	8	[1][0][0][0][1]
	40	15	[1][1][1][0][0]
	41	7	[1][0][0][0][0]
	42	4	[0][1][0][1][1]
	43	3	[0][1][0][0][0]
	44	11	[1][0][1][0][0]
	45	3	[0][1][0][0][0]
	46	5	[0][1][1][0][0]
	47	3	[0][1][0][0][0]
	48	9	[1][0][0][1][0]
	49	16	[1][1][1][0][1]
	50	5	[0][1][1][0][0]
	51	7	[1][0][0][0][0]
	52	11	[1][0][1][0][0]
	53	17	[1][1][1][1][0]
	54	7	[1][0][0][0][0]
	55	15	[1][1][1][0][0]
	56	5	[0][1][1][0][0]
	57	5	[0][1][1][0][0]
	58	12	[1][0][1][1][0]
	59	16	[1][1][1][0][1]
	60	7	[1][0][0][0][0]
	61	9	[1][0][0][1][0]
	62	5	[0][1][1][0][0]
	63	12	[1][0][1][1][0]
	64	4	[0][1][0][1][1]
	65	3	[0][1][0][0][0]
	66	7	[1][0][0][0][0]
	67	15	[1][1][1][0][0]
	68	1	[0][0][0][1][1]
	69	7	[1][0][0][0][0]
	70	15	[1][1][1][0][0]
	71	3	[0][1][0][0][0]
	72	12	[1][0][1][1][0]
	73	3	[0][1][0][0][0]
	74	11	[1][0][1][0][0]
	75	3	[0][1][0][0][0]
	76	4	[0][1][0][1][1]
	77	11	[1][0][1][0][0]
	78	3	[0][1][0][0][0]
	79	15	[1][1][1][0][0]
	80	1	[0][0][0][1][1]
	81	3	[0][1][0][0][0]
	82	5	[0][1][1][0][0]
	83	10	[1][0][0][1][1]
	84	4	[0][1][0][1][1]
	85	15	[1][1][1][0][0]
	86	1	[0][0][0][1][1]
	87	9	[1][0][0][1][0]
	88	12	[1][0][1][1][0]
	89	7	[1][0][0][0][0]
	90	3	[0][1][0][0][0]
	91	15	[1][1][1][0][0]
	92	3	[0][1][0][0][0]
	93	10	[1][0][0][1][1]
	94	17	[1][1][1][1][0]
	95	3	[0][1][0][0][0]
	96	15	[1][1][1][0][0]
	97	7	[1][0][0][0][0]
	98	3	[0][1][0][0][0]
	99	0	[0][0][0][0][1]
	100	15	[1][1][1][0][0]
	101	9	[1][0][0][1][0]
	102	5	[0][1][1][0][0]
	103	18	[1][1][1][1][1]
	104	9	[1][0][0][1][0]
	105	3	[0][1][0][0][0]
	106	15	[1][1][1][0][0]
	107	3	[0][1][0][0][0]
	108	7	[1][0][0][0][0]
	109	17	[1][1][1][1][0]
	110	3	[0][1][0][0][0]
	111	9	[1][0][0][1][0]
	112	3	[0][1][0][0][0]
	113	7	[1][0][0][0][0]
	114	3	[0][1][0][0][0]
	115	4	[0][1][0][1][1]
	116	3	[0][1][0][0][0]
	117	12	[1][0][1][1][0]
	118	3	[0][1][0][0][0]
	119	5	[0][1][1][0][0]
	120	7	[1][0][0][0][0]
	121	8	[1][0][0][0][1]
	122	3	[0][1][0][0][0]
	123	7	[1][0][0][0][0]
	124	5	[0][1][1][0][0]
	125	3	[0][1][0][0][0]
	126	15	[1][1][1][0][0]
	127	9	[1][0][0][1][0]
	128	7	[1][0][0][0][0]
	129	5	[0][1][1][0][0]
	130	3	[0][1][0][0][0]
	131	15	[1][1][1][0][0]
	132	9	[1][0][0][1][0]
	133	5	[0][1][1][0][0]
	134	11	[1][0][1][0][0]
	135	15	[1][1][1][0][0]
	136	3	[0][1][0][0][0]
	137	7	[1][0][0][0][0]
	138	17	[1][1][1][1][0]
	139	3	[0][1][0][0][0]
	140	7	[1][0][0][0][0]
	141	15	[1][1][1][0][0]
	142	3	[0][1][0][0][0]
	143	7	[1][0][0][0][0]
	144	3	[0][1][0][0][0]
	145	15	[1][1][1][0][0]
	146	3	[0][1][0][0][0]
	147	7	[1][0][0][0][0]
	148	3	[0][1][0][0][0]
	149	7	[1][0][0][0][0]
	150	3	[0][1][0][0][0]
	151	7	[1][0][0][0][0]
	152	3	[0][1][0][0][0]
	153	7	[1][0][0][0][0]
	154	10	[1][0][0][1][1]
	155	17	[1][1][1][1][0]
	156	3	[0][1][0][0][0]
	157	7	[1][0][0][0][0]
	158	3	[0][1][0][0][0]
	159	3	[0][1][0][0][0]
	160	3	[0][1][0][0][0]
	161	2	[0][0][1][0][1]
	162	15	[1][1][1][0][0]
	163	3	[0][1][0][0][0]
	164	3	[0][1][0][0][0]
	165	4	[0][1][0][1][1]
	166	15	[1][1][1][0][0]
	167	9	[1][0][0][1][0]
	168	5	[0][1][1][0][0]
	169	3	[0][1][0][0][0]
	170	3	[0][1][0][0][0]
	171	15	[1][1][1][0][0]
	172	1	[0][0][0][1][1]
	173	3	[0][1][0][0][0]
	174	5	[0][1][1][0][0]
	175	1	[0][0][0][1][1]
	176	3	[0][1][0][0][0]
	177	7	[1][0][0][0][0]
	178	3	[0][1][0][0][0]
	179	4	[0][1][0][1][1]
	180	15	[1][1][1][0][0]
	181	3	[0][1][0][0][0]
	182	3	[0][1][0][0][0]
	183	3	[0][1][0][0][0]
	184	10	[1][0][0][1][1]
	185	3	[0][1][0][0][0]
	186	3	[0][1][0][0][0]
	187	3	[0][1][0][0][0]
	188	13	[1][0][1][1][1]
	189	14	[1][1][0][1][1]
	190	3	[0][1][0][0][0]
	191	3	[0][1][0][0][0]
	192	8	[1][0][0][0][1]
	193	3	[0][1][0][0][0]
	194	11	[1][0][1][0][0]
	195	3	[0][1][0][0][0]
	196	8	[1][0][0][0][1]
	197	3	[0][1][0][0][0]
	198	3	[0][1][0][0][0]
	199	10	[1][0][0][1][1]
	200	12	[1][0][1][1][0]