200 5 19
1 2 1 2 1 
2 3 3 5 5 
0 5 0 0 0 0 1
1 7 0 0 0 1 1
2 1 0 0 1 0 1
3 67 0 1 0 0 0
4 7 0 1 0 1 1
5 15 0 1 1 0 0
6 1 0 1 1 1 1
7 26 1 0 0 0 0
8 6 1 0 0 0 1
9 11 1 0 0 1 0
10 5 1 0 0 1 1
11 9 1 0 1 0 0
12 6 1 0 1 1 0
13 1 1 0 1 1 1
14 2 1 1 0 1 1
15 20 1 1 1 0 0
16 3 1 1 1 0 1
17 6 1 1 1 1 0
18 2 1 1 1 1 1

Cantidad de restricciones violadas (solucion Greedy): 84
Tiempo de ejecucion :92.212 milisegundos
Cantidad de restricciones violadas (solucion final): 39
Tiempo de ejecucion :469.456 milisegundos
Cantidad de iteraciones: 32
---------------------------------------
Nro. Auto   Clase	Opciones
---------------------------------------

	1	12	[1][0][1][1][0]
	2	1	[0][0][0][1][1]
	3	1	[0][0][0][1][1]
	4	11	[1][0][1][0][0]
	5	3	[0][1][0][0][0]
	6	7	[1][0][0][0][0]
	7	7	[1][0][0][0][0]
	8	3	[0][1][0][0][0]
	9	3	[0][1][0][0][0]
	10	9	[1][0][0][1][0]
	11	11	[1][0][1][0][0]
	12	4	[0][1][0][1][1]
	13	16	[1][1][1][0][1]
	14	0	[0][0][0][0][1]
	15	5	[0][1][1][0][0]
	16	4	[0][1][0][1][1]
	17	8	[1][0][0][0][1]
	18	11	[1][0][1][0][0]
	19	3	[0][1][0][0][0]
	20	10	[1][0][0][1][1]
	21	14	[1][1][0][1][1]
	22	15	[1][1][1][0][0]
	23	18	[1][1][1][1][1]
	24	3	[0][1][0][0][0]
	25	12	[1][0][1][1][0]
	26	3	[0][1][0][0][0]
	27	11	[1][0][1][0][0]
	28	3	[0][1][0][0][0]
	29	7	[1][0][0][0][0]
	30	5	[0][1][1][0][0]
	31	0	[0][0][0][0][1]
	32	3	[0][1][0][0][0]
	33	7	[1][0][0][0][0]
	34	3	[0][1][0][0][0]
	35	9	[1][0][0][1][0]
	36	15	[1][1][1][0][0]
	37	0	[0][0][0][0][1]
	38	5	[0][1][1][0][0]
	39	8	[1][0][0][0][1]
	40	11	[1][0][1][0][0]
	41	16	[1][1][1][0][1]
	42	4	[0][1][0][1][1]
	43	7	[1][0][0][0][0]
	44	5	[0][1][1][0][0]
	45	1	[0][0][0][1][1]
	46	3	[0][1][0][0][0]
	47	3	[0][1][0][0][0]
	48	9	[1][0][0][1][0]
	49	16	[1][1][1][0][1]
	50	3	[0][1][0][0][0]
	51	7	[1][0][0][0][0]
	52	3	[0][1][0][0][0]
	53	17	[1][1][1][1][0]
	54	7	[1][0][0][0][0]
	55	15	[1][1][1][0][0]
	56	3	[0][1][0][0][0]
	57	7	[1][0][0][0][0]
	58	0	[0][0][0][0][1]
	59	17	[1][1][1][1][0]
	60	3	[0][1][0][0][0]
	61	15	[1][1][1][0][0]
	62	3	[0][1][0][0][0]
	63	12	[1][0][1][1][0]
	64	15	[1][1][1][0][0]
	65	17	[1][1][1][1][0]
	66	7	[1][0][0][0][0]
	67	15	[1][1][1][0][0]
	68	3	[0][1][0][0][0]
	69	7	[1][0][0][0][0]
	70	3	[0][1][0][0][0]
	71	5	[0][1][1][0][0]
	72	7	[1][0][0][0][0]
	73	13	[1][0][1][1][1]
	74	3	[0][1][0][0][0]
	75	1	[0][0][0][1][1]
	76	4	[0][1][0][1][1]
	77	2	[0][0][1][0][1]
	78	9	[1][0][0][1][0]
	79	15	[1][1][1][0][0]
	80	1	[0][0][0][1][1]
	81	3	[0][1][0][0][0]
	82	5	[0][1][1][0][0]
	83	10	[1][0][0][1][1]
	84	4	[0][1][0][1][1]
	85	15	[1][1][1][0][0]
	86	1	[0][0][0][1][1]
	87	4	[0][1][0][1][1]
	88	12	[1][0][1][1][0]
	89	7	[1][0][0][0][0]
	90	3	[0][1][0][0][0]
	91	15	[1][1][1][0][0]
	92	3	[0][1][0][0][0]
	93	10	[1][0][0][1][1]
	94	17	[1][1][1][1][0]
	95	7	[1][0][0][0][0]
	96	9	[1][0][0][1][0]
	97	5	[0][1][1][0][0]
	98	12	[1][0][1][1][0]
	99	3	[0][1][0][0][0]
	100	15	[1][1][1][0][0]
	101	9	[1][0][0][1][0]
	102	3	[0][1][0][0][0]
	103	3	[0][1][0][0][0]
	104	8	[1][0][0][0][1]
	105	17	[1][1][1][1][0]
	106	15	[1][1][1][0][0]
	107	12	[1][0][1][1][0]
	108	15	[1][1][1][0][0]
	109	17	[1][1][1][1][0]
	110	5	[0][1][1][0][0]
	111	8	[1][0][0][0][1]
	112	3	[0][1][0][0][0]
	113	7	[1][0][0][0][0]
	114	18	[1][1][1][1][1]
	115	4	[0][1][0][1][1]
	116	10	[1][0][0][1][1]
	117	15	[1][1][1][0][0]
	118	3	[0][1][0][0][0]
	119	5	[0][1][1][0][0]
	120	7	[1][0][0][0][0]
	121	8	[1][0][0][0][1]
	122	3	[0][1][0][0][0]
	123	7	[1][0][0][0][0]
	124	5	[0][1][1][0][0]
	125	3	[0][1][0][0][0]
	126	15	[1][1][1][0][0]
	127	9	[1][0][0][1][0]
	128	7	[1][0][0][0][0]
	129	11	[1][0][1][0][0]
	130	3	[0][1][0][0][0]
	131	3	[0][1][0][0][0]
	132	9	[1][0][0][1][0]
	133	3	[0][1][0][0][0]
	134	15	[1][1][1][0][0]
	135	15	[1][1][1][0][0]
	136	3	[0][1][0][0][0]
	137	0	[0][0][0][0][1]
	138	15	[1][1][1][0][0]
	139	3	[0][1][0][0][0]
	140	7	[1][0][0][0][0]
	141	15	[1][1][1][0][0]
	142	3	[0][1][0][0][0]
	143	7	[1][0][0][0][0]
	144	3	[0][1][0][0][0]
	145	6	[0][1][1][1][1]
	146	15	[1][1][1][0][0]
	147	7	[1][0][0][0][0]
	148	3	[0][1][0][0][0]
	149	7	[1][0][0][0][0]
	150	3	[0][1][0][0][0]
	151	7	[1][0][0][0][0]
	152	3	[0][1][0][0][0]
	153	7	[1][0][0][0][0]
	154	3	[0][1][0][0][0]
	155	7	[1][0][0][0][0]
	156	3	[0][1][0][0][0]
	157	11	[1][0][1][0][0]
	158	3	[0][1][0][0][0]
	159	3	[0][1][0][0][0]
	160	3	[0][1][0][0][0]
	161	11	[1][0][1][0][0]
	162	3	[0][1][0][0][0]
	163	3	[0][1][0][0][0]
	164	3	[0][1][0][0][0]
	165	3	[0][1][0][0][0]
	166	11	[1][0][1][0][0]
	167	10	[1][0][0][1][1]
	168	3	[0][1][0][0][0]
	169	5	[0][1][1][0][0]
	170	3	[0][1][0][0][0]
	171	1	[0][0][0][1][1]
	172	3	[0][1][0][0][0]
	173	3	[0][1][0][0][0]
	174	5	[0][1][1][0][0]
	175	3	[0][1][0][0][0]
	176	7	[1][0][0][0][0]
	177	3	[0][1][0][0][0]
	178	15	[1][1][1][0][0]
	179	3	[0][1][0][0][0]
	180	8	[1][0][0][0][1]
	181	3	[0][1][0][0][0]
	182	3	[0][1][0][0][0]
	183	5	[0][1][1][0][0]
	184	3	[0][1][0][0][0]
	185	3	[0][1][0][0][0]
	186	9	[1][0][0][1][0]
	187	3	[0][1][0][0][0]
	188	9	[1][0][0][1][0]
	189	3	[0][1][0][0][0]
	190	14	[1][1][0][1][1]
	191	5	[0][1][1][0][0]
	192	7	[1][0][0][0][0]
	193	3	[0][1][0][0][0]
	194	3	[0][1][0][0][0]
	195	9	[1][0][0][1][0]
	196	3	[0][1][0][0][0]
	197	5	[0][1][1][0][0]
	198	3	[0][1][0][0][0]
	199	3	[0][1][0][0][0]
	200	3	[0][1][0][0][0]