300 5 19
1 2 1 2 1 
2 3 3 5 5 
0 33 0 0 0 1 0
1 5 0 0 0 1 1
2 14 0 0 1 0 0
3 5 0 0 1 0 1
4 15 0 1 0 0 1
5 37 0 1 0 1 0
6 8 0 1 0 1 1
7 25 0 1 1 0 0
8 12 0 1 1 1 0
9 2 0 1 1 1 1
10 49 1 0 0 0 0
11 3 1 0 0 0 1
12 6 1 0 1 0 1
13 8 1 0 1 1 0
14 3 1 0 1 1 1
15 59 1 1 0 0 0
16 2 1 1 0 1 1
17 5 1 1 1 0 1
18 9 1 1 1 1 0

Cantidad de restricciones violadas (solucion Greedy): 129
Tiempo de ejecucion :205.31 milisegundos
Cantidad de restricciones violadas (solucion final): 44
Tiempo de ejecucion :1663.28 milisegundos
Cantidad de iteraciones: 55
---------------------------------------
Nro. Auto   Clase	Opciones
---------------------------------------

	1	0	[0][0][0][1][0]
	2	10	[1][0][0][0][0]
	3	7	[0][1][1][0][0]
	4	15	[1][1][0][0][0]
	5	3	[0][0][1][0][1]
	6	4	[0][1][0][0][1]
	7	4	[0][1][0][0][1]
	8	10	[1][0][0][0][0]
	9	4	[0][1][0][0][1]
	10	7	[0][1][1][0][0]
	11	5	[0][1][0][1][0]
	12	10	[1][0][0][0][0]
	13	5	[0][1][0][1][0]
	14	15	[1][1][0][0][0]
	15	8	[0][1][1][1][0]
	16	10	[1][0][0][0][0]
	17	9	[0][1][1][1][1]
	18	15	[1][1][0][0][0]
	19	0	[0][0][0][1][0]
	20	15	[1][1][0][0][0]
	21	15	[1][1][0][0][0]
	22	7	[0][1][1][0][0]
	23	14	[1][0][1][1][1]
	24	5	[0][1][0][1][0]
	25	16	[1][1][0][1][1]
	26	5	[0][1][0][1][0]
	27	18	[1][1][1][1][0]
	28	0	[0][0][0][1][0]
	29	1	[0][0][0][1][1]
	30	2	[0][0][1][0][0]
	31	15	[1][1][0][0][0]
	32	10	[1][0][0][0][0]
	33	18	[1][1][1][1][0]
	34	6	[0][1][0][1][1]
	35	7	[0][1][1][0][0]
	36	12	[1][0][1][0][1]
	37	9	[0][1][1][1][1]
	38	12	[1][0][1][0][1]
	39	5	[0][1][0][1][0]
	40	16	[1][1][0][1][1]
	41	0	[0][0][0][1][0]
	42	3	[0][0][1][0][1]
	43	6	[0][1][0][1][1]
	44	10	[1][0][0][0][0]
	45	18	[1][1][1][1][0]
	46	0	[0][0][0][1][0]
	47	4	[0][1][0][0][1]
	48	10	[1][0][0][0][0]
	49	10	[1][0][0][0][0]
	50	7	[0][1][1][0][0]
	51	15	[1][1][0][0][0]
	52	3	[0][0][1][0][1]
	53	7	[0][1][1][0][0]
	54	13	[1][0][1][1][0]
	55	15	[1][1][0][0][0]
	56	7	[0][1][1][0][0]
	57	5	[0][1][0][1][0]
	58	10	[1][0][0][0][0]
	59	12	[1][0][1][0][1]
	60	15	[1][1][0][0][0]
	61	0	[0][0][0][1][0]
	62	15	[1][1][0][0][0]
	63	8	[0][1][1][1][0]
	64	15	[1][1][0][0][0]
	65	10	[1][0][0][0][0]
	66	5	[0][1][0][1][0]
	67	6	[0][1][0][1][1]
	68	10	[1][0][0][0][0]
	69	0	[0][0][0][1][0]
	70	5	[0][1][0][1][0]
	71	13	[1][0][1][1][0]
	72	1	[0][0][0][1][1]
	73	6	[0][1][0][1][1]
	74	15	[1][1][0][0][0]
	75	18	[1][1][1][1][0]
	76	3	[0][0][1][0][1]
	77	10	[1][0][0][0][0]
	78	13	[1][0][1][1][0]
	79	10	[1][0][0][0][0]
	80	0	[0][0][0][1][0]
	81	13	[1][0][1][1][0]
	82	2	[0][0][1][0][0]
	83	2	[0][0][1][0][0]
	84	1	[0][0][0][1][1]
	85	10	[1][0][0][0][0]
	86	4	[0][1][0][0][1]
	87	5	[0][1][0][1][0]
	88	17	[1][1][1][0][1]
	89	15	[1][1][0][0][0]
	90	8	[0][1][1][1][0]
	91	10	[1][0][0][0][0]
	92	10	[1][0][0][0][0]
	93	5	[0][1][0][1][0]
	94	15	[1][1][0][0][0]
	95	0	[0][0][0][1][0]
	96	10	[1][0][0][0][0]
	97	6	[0][1][0][1][1]
	98	2	[0][0][1][0][0]
	99	4	[0][1][0][0][1]
	100	15	[1][1][0][0][0]
	101	8	[0][1][1][1][0]
	102	13	[1][0][1][1][0]
	103	7	[0][1][1][0][0]
	104	4	[0][1][0][0][1]
	105	5	[0][1][0][1][0]
	106	14	[1][0][1][1][1]
	107	2	[0][0][1][0][0]
	108	15	[1][1][0][0][0]
	109	15	[1][1][0][0][0]
	110	5	[0][1][0][1][0]
	111	6	[0][1][0][1][1]
	112	2	[0][0][1][0][0]
	113	10	[1][0][0][0][0]
	114	18	[1][1][1][1][0]
	115	10	[1][0][0][0][0]
	116	6	[0][1][0][1][1]
	117	2	[0][0][1][0][0]
	118	10	[1][0][0][0][0]
	119	18	[1][1][1][1][0]
	120	10	[1][0][0][0][0]
	121	6	[0][1][0][1][1]
	122	0	[0][0][0][1][0]
	123	18	[1][1][1][1][0]
	124	4	[0][1][0][0][1]
	125	2	[0][0][1][0][0]
	126	10	[1][0][0][0][0]
	127	18	[1][1][1][1][0]
	128	0	[0][0][0][1][0]
	129	13	[1][0][1][1][0]
	130	15	[1][1][0][0][0]
	131	18	[1][1][1][1][0]
	132	15	[1][1][0][0][0]
	133	10	[1][0][0][0][0]
	134	0	[0][0][0][1][0]
	135	15	[1][1][0][0][0]
	136	7	[0][1][1][0][0]
	137	13	[1][0][1][1][0]
	138	4	[0][1][0][0][1]
	139	15	[1][1][0][0][0]
	140	5	[0][1][0][1][0]
	141	4	[0][1][0][0][1]
	142	15	[1][1][0][0][0]
	143	10	[1][0][0][0][0]
	144	10	[1][0][0][0][0]
	145	13	[1][0][1][1][0]
	146	2	[0][0][1][0][0]
	147	15	[1][1][0][0][0]
	148	4	[0][1][0][0][1]
	149	0	[0][0][0][1][0]
	150	7	[0][1][1][0][0]
	151	10	[1][0][0][0][0]
	152	5	[0][1][0][1][0]
	153	10	[1][0][0][0][0]
	154	8	[0][1][1][1][0]
	155	2	[0][0][1][0][0]
	156	15	[1][1][0][0][0]
	157	4	[0][1][0][0][1]
	158	5	[0][1][0][1][0]
	159	7	[0][1][1][0][0]
	160	0	[0][0][0][1][0]
	161	0	[0][0][0][1][0]
	162	15	[1][1][0][0][0]
	163	10	[1][0][0][0][0]
	164	5	[0][1][0][1][0]
	165	11	[1][0][0][0][1]
	166	8	[0][1][1][1][0]
	167	10	[1][0][0][0][0]
	168	15	[1][1][0][0][0]
	169	5	[0][1][0][1][0]
	170	5	[0][1][0][1][0]
	171	11	[1][0][0][0][1]
	172	8	[0][1][1][1][0]
	173	5	[0][1][0][1][0]
	174	15	[1][1][0][0][0]
	175	0	[0][0][0][1][0]
	176	4	[0][1][0][0][1]
	177	10	[1][0][0][0][0]
	178	8	[0][1][1][1][0]
	179	8	[0][1][1][1][0]
	180	15	[1][1][0][0][0]
	181	0	[0][0][0][1][0]
	182	5	[0][1][0][1][0]
	183	7	[0][1][1][0][0]
	184	15	[1][1][0][0][0]
	185	14	[1][0][1][1][1]
	186	0	[0][0][0][1][0]
	187	15	[1][1][0][0][0]
	188	10	[1][0][0][0][0]
	189	7	[0][1][1][0][0]
	190	10	[1][0][0][0][0]
	191	0	[0][0][0][1][0]
	192	15	[1][1][0][0][0]
	193	7	[0][1][1][0][0]
	194	5	[0][1][0][1][0]
	195	0	[0][0][0][1][0]
	196	15	[1][1][0][0][0]
	197	10	[1][0][0][0][0]
	198	7	[0][1][1][0][0]
	199	5	[0][1][0][1][0]
	200	0	[0][0][0][1][0]
	201	15	[1][1][0][0][0]
	202	15	[1][1][0][0][0]
	203	7	[0][1][1][0][0]
	204	5	[0][1][0][1][0]
	205	0	[0][0][0][1][0]
	206	15	[1][1][0][0][0]
	207	10	[1][0][0][0][0]
	208	7	[0][1][1][0][0]
	209	11	[1][0][0][0][1]
	210	7	[0][1][1][0][0]
	211	5	[0][1][0][1][0]
	212	0	[0][0][0][1][0]
	213	15	[1][1][0][0][0]
	214	10	[1][0][0][0][0]
	215	5	[0][1][0][1][0]
	216	10	[1][0][0][0][0]
	217	17	[1][1][1][0][1]
	218	5	[0][1][0][1][0]
	219	0	[0][0][0][1][0]
	220	15	[1][1][0][0][0]
	221	5	[0][1][0][1][0]
	222	15	[1][1][0][0][0]
	223	12	[1][0][1][0][1]
	224	7	[0][1][1][0][0]
	225	5	[0][1][0][1][0]
	226	0	[0][0][0][1][0]
	227	15	[1][1][0][0][0]
	228	10	[1][0][0][0][0]
	229	7	[0][1][1][0][0]
	230	4	[0][1][0][0][1]
	231	0	[0][0][0][1][0]
	232	15	[1][1][0][0][0]
	233	10	[1][0][0][0][0]
	234	7	[0][1][1][0][0]
	235	15	[1][1][0][0][0]
	236	7	[0][1][1][0][0]
	237	5	[0][1][0][1][0]
	238	0	[0][0][0][1][0]
	239	17	[1][1][1][0][1]
	240	10	[1][0][0][0][0]
	241	5	[0][1][0][1][0]
	242	10	[1][0][0][0][0]
	243	7	[0][1][1][0][0]
	244	15	[1][1][0][0][0]
	245	17	[1][1][1][0][1]
	246	0	[0][0][0][1][0]
	247	15	[1][1][0][0][0]
	248	7	[0][1][1][0][0]
	249	5	[0][1][0][1][0]
	250	10	[1][0][0][0][0]
	251	10	[1][0][0][0][0]
	252	0	[0][0][0][1][0]
	253	5	[0][1][0][1][0]
	254	0	[0][0][0][1][0]
	255	15	[1][1][0][0][0]
	256	4	[0][1][0][0][1]
	257	15	[1][1][0][0][0]
	258	5	[0][1][0][1][0]
	259	2	[0][0][1][0][0]
	260	15	[1][1][0][0][0]
	261	5	[0][1][0][1][0]
	262	10	[1][0][0][0][0]
	263	3	[0][0][1][0][1]
	264	5	[0][1][0][1][0]
	265	10	[1][0][0][0][0]
	266	5	[0][1][0][1][0]
	267	10	[1][0][0][0][0]
	268	15	[1][1][0][0][0]
	269	2	[0][0][1][0][0]
	270	15	[1][1][0][0][0]
	271	10	[1][0][0][0][0]
	272	15	[1][1][0][0][0]
	273	2	[0][0][1][0][0]
	274	15	[1][1][0][0][0]
	275	1	[0][0][0][1][1]
	276	15	[1][1][0][0][0]
	277	12	[1][0][1][0][1]
	278	1	[0][0][0][1][1]
	279	15	[1][1][0][0][0]
	280	17	[1][1][1][0][1]
	281	10	[1][0][0][0][0]
	282	8	[0][1][1][1][0]
	283	0	[0][0][0][1][0]
	284	15	[1][1][0][0][0]
	285	10	[1][0][0][0][0]
	286	8	[0][1][1][1][0]
	287	0	[0][0][0][1][0]
	288	15	[1][1][0][0][0]
	289	7	[0][1][1][0][0]
	290	15	[1][1][0][0][0]
	291	0	[0][0][0][1][0]
	292	15	[1][1][0][0][0]
	293	2	[0][0][1][0][0]
	294	15	[1][1][0][0][0]
	295	5	[0][1][0][1][0]
	296	10	[1][0][0][0][0]
	297	8	[0][1][1][1][0]
	298	15	[1][1][0][0][0]
	299	12	[1][0][1][0][1]
	300	15	[1][1][0][0][0]