300 5 19
1 2 1 2 1 
2 3 3 5 5 
0 33 0 0 0 1 0
1 5 0 0 0 1 1
2 14 0 0 1 0 0
3 5 0 0 1 0 1
4 15 0 1 0 0 1
5 37 0 1 0 1 0
6 8 0 1 0 1 1
7 25 0 1 1 0 0
8 12 0 1 1 1 0
9 2 0 1 1 1 1
10 49 1 0 0 0 0
11 3 1 0 0 0 1
12 6 1 0 1 0 1
13 8 1 0 1 1 0
14 3 1 0 1 1 1
15 59 1 1 0 0 0
16 2 1 1 0 1 1
17 5 1 1 1 0 1
18 9 1 1 1 1 0

Cantidad de restricciones violadas (solucion Greedy): 129
Tiempo de ejecucion :203.169 milisegundos
Cantidad de restricciones violadas (solucion final): 41
Tiempo de ejecucion :1780.9 milisegundos
Cantidad de iteraciones: 60
---------------------------------------
Nro. Auto   Clase	Opciones
---------------------------------------

	1	0	[0][0][0][1][0]
	2	10	[1][0][0][0][0]
	3	11	[1][0][0][0][1]
	4	15	[1][1][0][0][0]
	5	3	[0][0][1][0][1]
	6	15	[1][1][0][0][0]
	7	16	[1][1][0][1][1]
	8	4	[0][1][0][0][1]
	9	4	[0][1][0][0][1]
	10	10	[1][0][0][0][0]
	11	5	[0][1][0][1][0]
	12	10	[1][0][0][0][0]
	13	15	[1][1][0][0][0]
	14	10	[1][0][0][0][0]
	15	8	[0][1][1][1][0]
	16	15	[1][1][0][0][0]
	17	9	[0][1][1][1][1]
	18	15	[1][1][0][0][0]
	19	0	[0][0][0][1][0]
	20	15	[1][1][0][0][0]
	21	5	[0][1][0][1][0]
	22	13	[1][0][1][1][0]
	23	14	[1][0][1][1][1]
	24	18	[1][1][1][1][0]
	25	7	[0][1][1][0][0]
	26	17	[1][1][1][0][1]
	27	5	[0][1][0][1][0]
	28	0	[0][0][0][1][0]
	29	5	[0][1][0][1][0]
	30	10	[1][0][0][0][0]
	31	10	[1][0][0][0][0]
	32	4	[0][1][0][0][1]
	33	5	[0][1][0][1][0]
	34	6	[0][1][0][1][1]
	35	7	[0][1][1][0][0]
	36	12	[1][0][1][0][1]
	37	9	[0][1][1][1][1]
	38	15	[1][1][0][0][0]
	39	14	[1][0][1][1][1]
	40	4	[0][1][0][0][1]
	41	15	[1][1][0][0][0]
	42	3	[0][0][1][0][1]
	43	6	[0][1][0][1][1]
	44	15	[1][1][0][0][0]
	45	15	[1][1][0][0][0]
	46	0	[0][0][0][1][0]
	47	4	[0][1][0][0][1]
	48	10	[1][0][0][0][0]
	49	10	[1][0][0][0][0]
	50	17	[1][1][1][0][1]
	51	15	[1][1][0][0][0]
	52	0	[0][0][0][1][0]
	53	5	[0][1][0][1][0]
	54	13	[1][0][1][1][0]
	55	15	[1][1][0][0][0]
	56	1	[0][0][0][1][1]
	57	5	[0][1][0][1][0]
	58	18	[1][1][1][1][0]
	59	12	[1][0][1][0][1]
	60	4	[0][1][0][0][1]
	61	15	[1][1][0][0][0]
	62	4	[0][1][0][0][1]
	63	8	[0][1][1][1][0]
	64	15	[1][1][0][0][0]
	65	1	[0][0][0][1][1]
	66	7	[0][1][1][0][0]
	67	6	[0][1][0][1][1]
	68	12	[1][0][1][0][1]
	69	0	[0][0][0][1][0]
	70	15	[1][1][0][0][0]
	71	13	[1][0][1][1][0]
	72	1	[0][0][0][1][1]
	73	6	[0][1][0][1][1]
	74	15	[1][1][0][0][0]
	75	15	[1][1][0][0][0]
	76	3	[0][0][1][0][1]
	77	7	[0][1][1][0][0]
	78	13	[1][0][1][1][0]
	79	2	[0][0][1][0][0]
	80	10	[1][0][0][0][0]
	81	6	[0][1][0][1][1]
	82	2	[0][0][1][0][0]
	83	10	[1][0][0][0][0]
	84	1	[0][0][0][1][1]
	85	10	[1][0][0][0][0]
	86	4	[0][1][0][0][1]
	87	5	[0][1][0][1][0]
	88	17	[1][1][1][0][1]
	89	10	[1][0][0][0][0]
	90	4	[0][1][0][0][1]
	91	2	[0][0][1][0][0]
	92	13	[1][0][1][1][0]
	93	5	[0][1][0][1][0]
	94	17	[1][1][1][0][1]
	95	0	[0][0][0][1][0]
	96	10	[1][0][0][0][0]
	97	13	[1][0][1][1][0]
	98	8	[0][1][1][1][0]
	99	5	[0][1][0][1][0]
	100	10	[1][0][0][0][0]
	101	4	[0][1][0][0][1]
	102	13	[1][0][1][1][0]
	103	15	[1][1][0][0][0]
	104	4	[0][1][0][0][1]
	105	5	[0][1][0][1][0]
	106	0	[0][0][0][1][0]
	107	2	[0][0][1][0][0]
	108	15	[1][1][0][0][0]
	109	15	[1][1][0][0][0]
	110	5	[0][1][0][1][0]
	111	6	[0][1][0][1][1]
	112	2	[0][0][1][0][0]
	113	10	[1][0][0][0][0]
	114	8	[0][1][1][1][0]
	115	10	[1][0][0][0][0]
	116	6	[0][1][0][1][1]
	117	2	[0][0][1][0][0]
	118	10	[1][0][0][0][0]
	119	18	[1][1][1][1][0]
	120	10	[1][0][0][0][0]
	121	6	[0][1][0][1][1]
	122	15	[1][1][0][0][0]
	123	10	[1][0][0][0][0]
	124	4	[0][1][0][0][1]
	125	2	[0][0][1][0][0]
	126	15	[1][1][0][0][0]
	127	18	[1][1][1][1][0]
	128	0	[0][0][0][1][0]
	129	13	[1][0][1][1][0]
	130	15	[1][1][0][0][0]
	131	15	[1][1][0][0][0]
	132	0	[0][0][0][1][0]
	133	2	[0][0][1][0][0]
	134	12	[1][0][1][0][1]
	135	5	[0][1][0][1][0]
	136	10	[1][0][0][0][0]
	137	5	[0][1][0][1][0]
	138	10	[1][0][0][0][0]
	139	15	[1][1][0][0][0]
	140	18	[1][1][1][1][0]
	141	4	[0][1][0][0][1]
	142	10	[1][0][0][0][0]
	143	5	[0][1][0][1][0]
	144	10	[1][0][0][0][0]
	145	10	[1][0][0][0][0]
	146	0	[0][0][0][1][0]
	147	15	[1][1][0][0][0]
	148	8	[0][1][1][1][0]
	149	0	[0][0][0][1][0]
	150	15	[1][1][0][0][0]
	151	15	[1][1][0][0][0]
	152	5	[0][1][0][1][0]
	153	15	[1][1][0][0][0]
	154	8	[0][1][1][1][0]
	155	7	[0][1][1][0][0]
	156	15	[1][1][0][0][0]
	157	0	[0][0][0][1][0]
	158	12	[1][0][1][0][1]
	159	7	[0][1][1][0][0]
	160	18	[1][1][1][1][0]
	161	0	[0][0][0][1][0]
	162	4	[0][1][0][0][1]
	163	15	[1][1][0][0][0]
	164	5	[0][1][0][1][0]
	165	7	[0][1][1][0][0]
	166	15	[1][1][0][0][0]
	167	10	[1][0][0][0][0]
	168	7	[0][1][1][0][0]
	169	1	[0][0][0][1][1]
	170	5	[0][1][0][1][0]
	171	15	[1][1][0][0][0]
	172	2	[0][0][1][0][0]
	173	10	[1][0][0][0][0]
	174	7	[0][1][1][0][0]
	175	0	[0][0][0][1][0]
	176	12	[1][0][1][0][1]
	177	7	[0][1][1][0][0]
	178	8	[0][1][1][1][0]
	179	8	[0][1][1][1][0]
	180	15	[1][1][0][0][0]
	181	0	[0][0][0][1][0]
	182	5	[0][1][0][1][0]
	183	10	[1][0][0][0][0]
	184	8	[0][1][1][1][0]
	185	5	[0][1][0][1][0]
	186	0	[0][0][0][1][0]
	187	14	[1][0][1][1][1]
	188	10	[1][0][0][0][0]
	189	7	[0][1][1][0][0]
	190	10	[1][0][0][0][0]
	191	0	[0][0][0][1][0]
	192	16	[1][1][0][1][1]
	193	7	[0][1][1][0][0]
	194	8	[0][1][1][1][0]
	195	0	[0][0][0][1][0]
	196	15	[1][1][0][0][0]
	197	10	[1][0][0][0][0]
	198	7	[0][1][1][0][0]
	199	5	[0][1][0][1][0]
	200	2	[0][0][1][0][0]
	201	5	[0][1][0][1][0]
	202	10	[1][0][0][0][0]
	203	7	[0][1][1][0][0]
	204	5	[0][1][0][1][0]
	205	0	[0][0][0][1][0]
	206	15	[1][1][0][0][0]
	207	10	[1][0][0][0][0]
	208	7	[0][1][1][0][0]
	209	5	[0][1][0][1][0]
	210	7	[0][1][1][0][0]
	211	15	[1][1][0][0][0]
	212	0	[0][0][0][1][0]
	213	15	[1][1][0][0][0]
	214	3	[0][0][1][0][1]
	215	5	[0][1][0][1][0]
	216	10	[1][0][0][0][0]
	217	7	[0][1][1][0][0]
	218	5	[0][1][0][1][0]
	219	0	[0][0][0][1][0]
	220	15	[1][1][0][0][0]
	221	5	[0][1][0][1][0]
	222	17	[1][1][1][0][1]
	223	10	[1][0][0][0][0]
	224	7	[0][1][1][0][0]
	225	5	[0][1][0][1][0]
	226	0	[0][0][0][1][0]
	227	15	[1][1][0][0][0]
	228	3	[0][0][1][0][1]
	229	15	[1][1][0][0][0]
	230	5	[0][1][0][1][0]
	231	0	[0][0][0][1][0]
	232	15	[1][1][0][0][0]
	233	10	[1][0][0][0][0]
	234	7	[0][1][1][0][0]
	235	15	[1][1][0][0][0]
	236	7	[0][1][1][0][0]
	237	5	[0][1][0][1][0]
	238	0	[0][0][0][1][0]
	239	0	[0][0][0][1][0]
	240	18	[1][1][1][1][0]
	241	15	[1][1][0][0][0]
	242	10	[1][0][0][0][0]
	243	7	[0][1][1][0][0]
	244	10	[1][0][0][0][0]
	245	18	[1][1][1][1][0]
	246	0	[0][0][0][1][0]
	247	15	[1][1][0][0][0]
	248	10	[1][0][0][0][0]
	249	5	[0][1][0][1][0]
	250	10	[1][0][0][0][0]
	251	10	[1][0][0][0][0]
	252	7	[0][1][1][0][0]
	253	5	[0][1][0][1][0]
	254	15	[1][1][0][0][0]
	255	5	[0][1][0][1][0]
	256	10	[1][0][0][0][0]
	257	15	[1][1][0][0][0]
	258	8	[0][1][1][1][0]
	259	0	[0][0][0][1][0]
	260	15	[1][1][0][0][0]
	261	2	[0][0][1][0][0]
	262	10	[1][0][0][0][0]
	263	15	[1][1][0][0][0]
	264	5	[0][1][0][1][0]
	265	10	[1][0][0][0][0]
	266	4	[0][1][0][0][1]
	267	10	[1][0][0][0][0]
	268	2	[0][0][1][0][0]
	269	10	[1][0][0][0][0]
	270	0	[0][0][0][1][0]
	271	2	[0][0][1][0][0]
	272	10	[1][0][0][0][0]
	273	7	[0][1][1][0][0]
	274	15	[1][1][0][0][0]
	275	15	[1][1][0][0][0]
	276	5	[0][1][0][1][0]
	277	7	[0][1][1][0][0]
	278	5	[0][1][0][1][0]
	279	10	[1][0][0][0][0]
	280	18	[1][1][1][1][0]
	281	10	[1][0][0][0][0]
	282	15	[1][1][0][0][0]
	283	5	[0][1][0][1][0]
	284	15	[1][1][0][0][0]
	285	0	[0][0][0][1][0]
	286	15	[1][1][0][0][0]
	287	0	[0][0][0][1][0]
	288	15	[1][1][0][0][0]
	289	0	[0][0][0][1][0]
	290	15	[1][1][0][0][0]
	291	15	[1][1][0][0][0]
	292	11	[1][0][0][0][1]
	293	15	[1][1][0][0][0]
	294	0	[0][0][0][1][0]
	295	8	[0][1][1][1][0]
	296	15	[1][1][0][0][0]
	297	2	[0][0][1][0][0]
	298	10	[1][0][0][0][0]
	299	11	[1][0][0][0][1]
	300	7	[0][1][1][0][0]