300 5 19
1 2 1 2 1 
2 3 3 5 5 
0 33 0 0 0 1 0
1 5 0 0 0 1 1
2 14 0 0 1 0 0
3 5 0 0 1 0 1
4 15 0 1 0 0 1
5 37 0 1 0 1 0
6 8 0 1 0 1 1
7 25 0 1 1 0 0
8 12 0 1 1 1 0
9 2 0 1 1 1 1
10 49 1 0 0 0 0
11 3 1 0 0 0 1
12 6 1 0 1 0 1
13 8 1 0 1 1 0
14 3 1 0 1 1 1
15 59 1 1 0 0 0
16 2 1 1 0 1 1
17 5 1 1 1 0 1
18 9 1 1 1 1 0

Cantidad de restricciones violadas (solucion Greedy): 129
Tiempo de ejecucion :205.038 milisegundos
Cantidad de restricciones violadas (solucion final): 43
Tiempo de ejecucion :1676.74 milisegundos
Cantidad de iteraciones: 55
---------------------------------------
Nro. Auto   Clase	Opciones
---------------------------------------

	1	0	[0][0][0][1][0]
	2	10	[1][0][0][0][0]
	3	11	[1][0][0][0][1]
	4	7	[0][1][1][0][0]
	5	3	[0][0][1][0][1]
	6	4	[0][1][0][0][1]
	7	4	[0][1][0][0][1]
	8	4	[0][1][0][0][1]
	9	10	[1][0][0][0][0]
	10	7	[0][1][1][0][0]
	11	5	[0][1][0][1][0]
	12	10	[1][0][0][0][0]
	13	11	[1][0][0][0][1]
	14	7	[0][1][1][0][0]
	15	5	[0][1][0][1][0]
	16	10	[1][0][0][0][0]
	17	9	[0][1][1][1][1]
	18	10	[1][0][0][0][0]
	19	0	[0][0][0][1][0]
	20	11	[1][0][0][0][1]
	21	12	[1][0][1][0][1]
	22	4	[0][1][0][0][1]
	23	14	[1][0][1][1][1]
	24	4	[0][1][0][0][1]
	25	16	[1][1][0][1][1]
	26	17	[1][1][1][0][1]
	27	7	[0][1][1][0][0]
	28	13	[1][0][1][1][0]
	29	1	[0][0][0][1][1]
	30	15	[1][1][0][0][0]
	31	3	[0][0][1][0][1]
	32	4	[0][1][0][0][1]
	33	5	[0][1][0][1][0]
	34	17	[1][1][1][0][1]
	35	7	[0][1][1][0][0]
	36	12	[1][0][1][0][1]
	37	9	[0][1][1][1][1]
	38	12	[1][0][1][0][1]
	39	4	[0][1][0][0][1]
	40	16	[1][1][0][1][1]
	41	15	[1][1][0][0][0]
	42	3	[0][0][1][0][1]
	43	6	[0][1][0][1][1]
	44	15	[1][1][0][0][0]
	45	14	[1][0][1][1][1]
	46	0	[0][0][0][1][0]
	47	15	[1][1][0][0][0]
	48	7	[0][1][1][0][0]
	49	10	[1][0][0][0][0]
	50	6	[0][1][0][1][1]
	51	0	[0][0][0][1][0]
	52	10	[1][0][0][0][0]
	53	15	[1][1][0][0][0]
	54	13	[1][0][1][1][0]
	55	15	[1][1][0][0][0]
	56	7	[0][1][1][0][0]
	57	5	[0][1][0][1][0]
	58	10	[1][0][0][0][0]
	59	12	[1][0][1][0][1]
	60	15	[1][1][0][0][0]
	61	0	[0][0][0][1][0]
	62	15	[1][1][0][0][0]
	63	8	[0][1][1][1][0]
	64	0	[0][0][0][1][0]
	65	1	[0][0][0][1][1]
	66	18	[1][1][1][1][0]
	67	6	[0][1][0][1][1]
	68	12	[1][0][1][0][1]
	69	0	[0][0][0][1][0]
	70	5	[0][1][0][1][0]
	71	13	[1][0][1][1][0]
	72	1	[0][0][0][1][1]
	73	15	[1][1][0][0][0]
	74	15	[1][1][0][0][0]
	75	5	[0][1][0][1][0]
	76	3	[0][0][1][0][1]
	77	10	[1][0][0][0][0]
	78	13	[1][0][1][1][0]
	79	0	[0][0][0][1][0]
	80	10	[1][0][0][0][0]
	81	13	[1][0][1][1][0]
	82	4	[0][1][0][0][1]
	83	10	[1][0][0][0][0]
	84	1	[0][0][0][1][1]
	85	8	[0][1][1][1][0]
	86	14	[1][0][1][1][1]
	87	5	[0][1][0][1][0]
	88	17	[1][1][1][0][1]
	89	0	[0][0][0][1][0]
	90	15	[1][1][0][0][0]
	91	2	[0][0][1][0][0]
	92	13	[1][0][1][1][0]
	93	4	[0][1][0][0][1]
	94	15	[1][1][0][0][0]
	95	0	[0][0][0][1][0]
	96	10	[1][0][0][0][0]
	97	6	[0][1][0][1][1]
	98	10	[1][0][0][0][0]
	99	5	[0][1][0][1][0]
	100	15	[1][1][0][0][0]
	101	4	[0][1][0][0][1]
	102	13	[1][0][1][1][0]
	103	15	[1][1][0][0][0]
	104	4	[0][1][0][0][1]
	105	5	[0][1][0][1][0]
	106	0	[0][0][0][1][0]
	107	2	[0][0][1][0][0]
	108	15	[1][1][0][0][0]
	109	8	[0][1][1][1][0]
	110	5	[0][1][0][1][0]
	111	6	[0][1][0][1][1]
	112	2	[0][0][1][0][0]
	113	5	[0][1][0][1][0]
	114	18	[1][1][1][1][0]
	115	10	[1][0][0][0][0]
	116	6	[0][1][0][1][1]
	117	2	[0][0][1][0][0]
	118	10	[1][0][0][0][0]
	119	18	[1][1][1][1][0]
	120	10	[1][0][0][0][0]
	121	6	[0][1][0][1][1]
	122	18	[1][1][1][1][0]
	123	5	[0][1][0][1][0]
	124	4	[0][1][0][0][1]
	125	2	[0][0][1][0][0]
	126	0	[0][0][0][1][0]
	127	5	[0][1][0][1][0]
	128	15	[1][1][0][0][0]
	129	0	[0][0][0][1][0]
	130	15	[1][1][0][0][0]
	131	18	[1][1][1][1][0]
	132	2	[0][0][1][0][0]
	133	2	[0][0][1][0][0]
	134	13	[1][0][1][1][0]
	135	5	[0][1][0][1][0]
	136	15	[1][1][0][0][0]
	137	10	[1][0][0][0][0]
	138	10	[1][0][0][0][0]
	139	8	[0][1][1][1][0]
	140	18	[1][1][1][1][0]
	141	2	[0][0][1][0][0]
	142	4	[0][1][0][0][1]
	143	2	[0][0][1][0][0]
	144	10	[1][0][0][0][0]
	145	0	[0][0][0][1][0]
	146	2	[0][0][1][0][0]
	147	15	[1][1][0][0][0]
	148	8	[0][1][1][1][0]
	149	0	[0][0][0][1][0]
	150	15	[1][1][0][0][0]
	151	2	[0][0][1][0][0]
	152	5	[0][1][0][1][0]
	153	7	[0][1][1][0][0]
	154	15	[1][1][0][0][0]
	155	10	[1][0][0][0][0]
	156	15	[1][1][0][0][0]
	157	0	[0][0][0][1][0]
	158	18	[1][1][1][1][0]
	159	7	[0][1][1][0][0]
	160	12	[1][0][1][0][1]
	161	0	[0][0][0][1][0]
	162	15	[1][1][0][0][0]
	163	7	[0][1][1][0][0]
	164	15	[1][1][0][0][0]
	165	15	[1][1][0][0][0]
	166	8	[0][1][1][1][0]
	167	10	[1][0][0][0][0]
	168	15	[1][1][0][0][0]
	169	8	[0][1][1][1][0]
	170	5	[0][1][0][1][0]
	171	7	[0][1][1][0][0]
	172	10	[1][0][0][0][0]
	173	10	[1][0][0][0][0]
	174	7	[0][1][1][0][0]
	175	0	[0][0][0][1][0]
	176	10	[1][0][0][0][0]
	177	15	[1][1][0][0][0]
	178	8	[0][1][1][1][0]
	179	0	[0][0][0][1][0]
	180	15	[1][1][0][0][0]
	181	15	[1][1][0][0][0]
	182	5	[0][1][0][1][0]
	183	10	[1][0][0][0][0]
	184	8	[0][1][1][1][0]
	185	5	[0][1][0][1][0]
	186	0	[0][0][0][1][0]
	187	15	[1][1][0][0][0]
	188	5	[0][1][0][1][0]
	189	7	[0][1][1][0][0]
	190	10	[1][0][0][0][0]
	191	0	[0][0][0][1][0]
	192	10	[1][0][0][0][0]
	193	7	[0][1][1][0][0]
	194	5	[0][1][0][1][0]
	195	0	[0][0][0][1][0]
	196	15	[1][1][0][0][0]
	197	10	[1][0][0][0][0]
	198	7	[0][1][1][0][0]
	199	10	[1][0][0][0][0]
	200	0	[0][0][0][1][0]
	201	15	[1][1][0][0][0]
	202	2	[0][0][1][0][0]
	203	18	[1][1][1][1][0]
	204	5	[0][1][0][1][0]
	205	0	[0][0][0][1][0]
	206	15	[1][1][0][0][0]
	207	10	[1][0][0][0][0]
	208	7	[0][1][1][0][0]
	209	5	[0][1][0][1][0]
	210	15	[1][1][0][0][0]
	211	5	[0][1][0][1][0]
	212	15	[1][1][0][0][0]
	213	15	[1][1][0][0][0]
	214	10	[1][0][0][0][0]
	215	5	[0][1][0][1][0]
	216	10	[1][0][0][0][0]
	217	7	[0][1][1][0][0]
	218	5	[0][1][0][1][0]
	219	0	[0][0][0][1][0]
	220	15	[1][1][0][0][0]
	221	5	[0][1][0][1][0]
	222	15	[1][1][0][0][0]
	223	10	[1][0][0][0][0]
	224	7	[0][1][1][0][0]
	225	5	[0][1][0][1][0]
	226	0	[0][0][0][1][0]
	227	15	[1][1][0][0][0]
	228	10	[1][0][0][0][0]
	229	18	[1][1][1][1][0]
	230	5	[0][1][0][1][0]
	231	2	[0][0][1][0][0]
	232	15	[1][1][0][0][0]
	233	10	[1][0][0][0][0]
	234	7	[0][1][1][0][0]
	235	15	[1][1][0][0][0]
	236	7	[0][1][1][0][0]
	237	5	[0][1][0][1][0]
	238	0	[0][0][0][1][0]
	239	5	[0][1][0][1][0]
	240	10	[1][0][0][0][0]
	241	0	[0][0][0][1][0]
	242	10	[1][0][0][0][0]
	243	15	[1][1][0][0][0]
	244	4	[0][1][0][0][1]
	245	5	[0][1][0][1][0]
	246	0	[0][0][0][1][0]
	247	15	[1][1][0][0][0]
	248	7	[0][1][1][0][0]
	249	15	[1][1][0][0][0]
	250	0	[0][0][0][1][0]
	251	10	[1][0][0][0][0]
	252	15	[1][1][0][0][0]
	253	5	[0][1][0][1][0]
	254	15	[1][1][0][0][0]
	255	5	[0][1][0][1][0]
	256	3	[0][0][1][0][1]
	257	15	[1][1][0][0][0]
	258	5	[0][1][0][1][0]
	259	10	[1][0][0][0][0]
	260	7	[0][1][1][0][0]
	261	5	[0][1][0][1][0]
	262	10	[1][0][0][0][0]
	263	15	[1][1][0][0][0]
	264	5	[0][1][0][1][0]
	265	10	[1][0][0][0][0]
	266	15	[1][1][0][0][0]
	267	10	[1][0][0][0][0]
	268	17	[1][1][1][0][1]
	269	10	[1][0][0][0][0]
	270	15	[1][1][0][0][0]
	271	17	[1][1][1][0][1]
	272	8	[0][1][1][1][0]
	273	10	[1][0][0][0][0]
	274	4	[0][1][0][0][1]
	275	5	[0][1][0][1][0]
	276	15	[1][1][0][0][0]
	277	10	[1][0][0][0][0]
	278	15	[1][1][0][0][0]
	279	10	[1][0][0][0][0]
	280	8	[0][1][1][1][0]
	281	15	[1][1][0][0][0]
	282	8	[0][1][1][1][0]
	283	10	[1][0][0][0][0]
	284	0	[0][0][0][1][0]
	285	10	[1][0][0][0][0]
	286	7	[0][1][1][0][0]
	287	0	[0][0][0][1][0]
	288	15	[1][1][0][0][0]
	289	7	[0][1][1][0][0]
	290	15	[1][1][0][0][0]
	291	15	[1][1][0][0][0]
	292	2	[0][0][1][0][0]
	293	1	[0][0][0][1][1]
	294	6	[0][1][0][1][1]
	295	7	[0][1][1][0][0]
	296	15	[1][1][0][0][0]
	297	15	[1][1][0][0][0]
	298	0	[0][0][0][1][0]
	299	15	[1][1][0][0][0]
	300	10	[1][0][0][0][0]