200 5 24
1 2 1 2 1 
2 3 3 5 5 
0 3 0 0 0 0 1
1 2 0 0 0 1 1
2 4 0 0 1 0 0
3 3 0 0 1 0 1
4 6 0 0 1 1 0
5 4 0 0 1 1 1
6 29 0 1 0 0 0
7 6 0 1 0 0 1
8 20 0 1 0 1 0
9 5 0 1 0 1 1
10 11 0 1 1 0 0
11 2 0 1 1 0 1
12 4 0 1 1 1 0
13 1 0 1 1 1 1
14 28 1 0 0 0 0
15 9 1 0 0 1 0
16 12 1 0 1 0 0
17 22 1 1 0 0 0
18 5 1 1 0 0 1
19 7 1 1 0 1 0
20 7 1 1 1 0 0
21 2 1 1 1 0 1
22 7 1 1 1 1 0
23 1 1 1 1 1 1

Cantidad de restricciones violadas (solucion Greedy): 92
Tiempo de ejecucion :117.71 milisegundos
Cantidad de restricciones violadas (solucion final): 38
Tiempo de ejecucion :532.246 milisegundos
Cantidad de iteraciones: 35
---------------------------------------
Nro. Auto   Clase	Opciones
---------------------------------------

	1	0	[0][0][0][0][1]
	2	17	[1][1][0][0][0]
	3	10	[0][1][1][0][0]
	4	2	[0][0][1][0][0]
	5	3	[0][0][1][0][1]
	6	4	[0][0][1][1][0]
	7	6	[0][1][0][0][0]
	8	18	[1][1][0][0][1]
	9	14	[1][0][0][0][0]
	10	8	[0][1][0][1][0]
	11	15	[1][0][0][1][0]
	12	10	[0][1][1][0][0]
	13	11	[0][1][1][0][1]
	14	12	[0][1][1][1][0]
	15	14	[1][0][0][0][0]
	16	16	[1][0][1][0][0]
	17	17	[1][1][0][0][0]
	18	0	[0][0][0][0][1]
	19	17	[1][1][0][0][0]
	20	6	[0][1][0][0][0]
	21	19	[1][1][0][1][0]
	22	0	[0][0][0][0][1]
	23	2	[0][0][1][0][0]
	24	10	[0][1][1][0][0]
	25	23	[1][1][1][1][1]
	26	2	[0][0][1][0][0]
	27	22	[1][1][1][1][0]
	28	6	[0][1][0][0][0]
	29	9	[0][1][0][1][1]
	30	14	[1][0][0][0][0]
	31	13	[0][1][1][1][1]
	32	17	[1][1][0][0][0]
	33	14	[1][0][0][0][0]
	34	19	[1][1][0][1][0]
	35	2	[0][0][1][0][0]
	36	7	[0][1][0][0][1]
	37	12	[0][1][1][1][0]
	38	8	[0][1][0][1][0]
	39	3	[0][0][1][0][1]
	40	17	[1][1][0][0][0]
	41	10	[0][1][1][0][0]
	42	14	[1][0][0][0][0]
	43	18	[1][1][0][0][1]
	44	5	[0][0][1][1][1]
	45	11	[0][1][1][0][1]
	46	22	[1][1][1][1][0]
	47	20	[1][1][1][0][0]
	48	8	[0][1][0][1][0]
	49	17	[1][1][0][0][0]
	50	6	[0][1][0][0][0]
	51	14	[1][0][0][0][0]
	52	21	[1][1][1][0][1]
	53	14	[1][0][0][0][0]
	54	10	[0][1][1][0][0]
	55	19	[1][1][0][1][0]
	56	7	[0][1][0][0][1]
	57	16	[1][0][1][0][0]
	58	14	[1][0][0][0][0]
	59	8	[0][1][0][1][0]
	60	15	[1][0][0][1][0]
	61	4	[0][0][1][1][0]
	62	9	[0][1][0][1][1]
	63	4	[0][0][1][1][0]
	64	6	[0][1][0][0][0]
	65	19	[1][1][0][1][0]
	66	6	[0][1][0][0][0]
	67	16	[1][0][1][0][0]
	68	6	[0][1][0][0][0]
	69	16	[1][0][1][0][0]
	70	6	[0][1][0][0][0]
	71	14	[1][0][0][0][0]
	72	17	[1][1][0][0][0]
	73	7	[0][1][0][0][1]
	74	14	[1][0][0][0][0]
	75	7	[0][1][0][0][1]
	76	17	[1][1][0][0][0]
	77	7	[0][1][0][0][1]
	78	18	[1][1][0][0][1]
	79	12	[0][1][1][1][0]
	80	6	[0][1][0][0][0]
	81	20	[1][1][1][0][0]
	82	15	[1][0][0][1][0]
	83	9	[0][1][0][1][1]
	84	22	[1][1][1][1][0]
	85	14	[1][0][0][0][0]
	86	12	[0][1][1][1][0]
	87	8	[0][1][0][1][0]
	88	15	[1][0][0][1][0]
	89	6	[0][1][0][0][0]
	90	20	[1][1][1][0][0]
	91	20	[1][1][1][0][0]
	92	20	[1][1][1][0][0]
	93	8	[0][1][0][1][0]
	94	14	[1][0][0][0][0]
	95	6	[0][1][0][0][0]
	96	16	[1][0][1][0][0]
	97	6	[0][1][0][0][0]
	98	14	[1][0][0][0][0]
	99	22	[1][1][1][1][0]
	100	6	[0][1][0][0][0]
	101	17	[1][1][0][0][0]
	102	8	[0][1][0][1][0]
	103	10	[0][1][1][0][0]
	104	15	[1][0][0][1][0]
	105	17	[1][1][0][0][0]
	106	14	[1][0][0][0][0]
	107	22	[1][1][1][1][0]
	108	10	[0][1][1][0][0]
	109	14	[1][0][0][0][0]
	110	19	[1][1][0][1][0]
	111	9	[0][1][0][1][1]
	112	16	[1][0][1][0][0]
	113	6	[0][1][0][0][0]
	114	14	[1][0][0][0][0]
	115	8	[0][1][0][1][0]
	116	18	[1][1][0][0][1]
	117	19	[1][1][0][1][0]
	118	4	[0][0][1][1][0]
	119	18	[1][1][0][0][1]
	120	19	[1][1][0][1][0]
	121	17	[1][1][0][0][0]
	122	16	[1][0][1][0][0]
	123	17	[1][1][0][0][0]
	124	4	[0][0][1][1][0]
	125	17	[1][1][0][0][0]
	126	20	[1][1][1][0][0]
	127	3	[0][0][1][0][1]
	128	16	[1][0][1][0][0]
	129	8	[0][1][0][1][0]
	130	15	[1][0][0][1][0]
	131	14	[1][0][0][0][0]
	132	6	[0][1][0][0][0]
	133	10	[0][1][1][0][0]
	134	6	[0][1][0][0][0]
	135	17	[1][1][0][0][0]
	136	1	[0][0][0][1][1]
	137	16	[1][0][1][0][0]
	138	8	[0][1][0][1][0]
	139	15	[1][0][0][1][0]
	140	6	[0][1][0][0][0]
	141	8	[0][1][0][1][0]
	142	15	[1][0][0][1][0]
	143	6	[0][1][0][0][0]
	144	14	[1][0][0][0][0]
	145	8	[0][1][0][1][0]
	146	14	[1][0][0][0][0]
	147	17	[1][1][0][0][0]
	148	17	[1][1][0][0][0]
	149	16	[1][0][1][0][0]
	150	10	[0][1][1][0][0]
	151	8	[0][1][0][1][0]
	152	17	[1][1][0][0][0]
	153	22	[1][1][1][1][0]
	154	14	[1][0][0][0][0]
	155	14	[1][0][0][0][0]
	156	8	[0][1][0][1][0]
	157	6	[0][1][0][0][0]
	158	17	[1][1][0][0][0]
	159	5	[0][0][1][1][1]
	160	17	[1][1][0][0][0]
	161	14	[1][0][0][0][0]
	162	10	[0][1][1][0][0]
	163	7	[0][1][0][0][1]
	164	8	[0][1][0][1][0]
	165	14	[1][0][0][0][0]
	166	6	[0][1][0][0][0]
	167	14	[1][0][0][0][0]
	168	14	[1][0][0][0][0]
	169	9	[0][1][0][1][1]
	170	22	[1][1][1][1][0]
	171	14	[1][0][0][0][0]
	172	10	[0][1][1][0][0]
	173	17	[1][1][0][0][0]
	174	14	[1][0][0][0][0]
	175	8	[0][1][0][1][0]
	176	16	[1][0][1][0][0]
	177	8	[0][1][0][1][0]
	178	8	[0][1][0][1][0]
	179	5	[0][0][1][1][1]
	180	8	[0][1][0][1][0]
	181	20	[1][1][1][0][0]
	182	8	[0][1][0][1][0]
	183	4	[0][0][1][1][0]
	184	17	[1][1][0][0][0]
	185	1	[0][0][0][1][1]
	186	17	[1][1][0][0][0]
	187	6	[0][1][0][0][0]
	188	5	[0][0][1][1][1]
	189	6	[0][1][0][0][0]
	190	15	[1][0][0][1][0]
	191	6	[0][1][0][0][0]
	192	6	[0][1][0][0][0]
	193	6	[0][1][0][0][0]
	194	14	[1][0][0][0][0]
	195	6	[0][1][0][0][0]
	196	21	[1][1][1][0][1]
	197	6	[0][1][0][0][0]
	198	6	[0][1][0][0][0]
	199	16	[1][0][1][0][0]
	200	6	[0][1][0][0][0]