200 5 24
1 2 1 2 1 
2 3 3 5 5 
0 3 0 0 0 0 1
1 2 0 0 0 1 1
2 4 0 0 1 0 0
3 3 0 0 1 0 1
4 6 0 0 1 1 0
5 4 0 0 1 1 1
6 29 0 1 0 0 0
7 6 0 1 0 0 1
8 20 0 1 0 1 0
9 5 0 1 0 1 1
10 11 0 1 1 0 0
11 2 0 1 1 0 1
12 4 0 1 1 1 0
13 1 0 1 1 1 1
14 28 1 0 0 0 0
15 9 1 0 0 1 0
16 12 1 0 1 0 0
17 22 1 1 0 0 0
18 5 1 1 0 0 1
19 7 1 1 0 1 0
20 7 1 1 1 0 0
21 2 1 1 1 0 1
22 7 1 1 1 1 0
23 1 1 1 1 1 1

Cantidad de restricciones violadas (solucion Greedy): 92
Tiempo de ejecucion :115.695 milisegundos
Cantidad de restricciones violadas (solucion final): 50
Tiempo de ejecucion :466.912 milisegundos
Cantidad de iteraciones: 30
---------------------------------------
Nro. Auto   Clase	Opciones
---------------------------------------

	1	17	[1][1][0][0][0]
	2	1	[0][0][0][1][1]
	3	1	[0][0][0][1][1]
	4	17	[1][1][0][0][0]
	5	3	[0][0][1][0][1]
	6	8	[0][1][0][1][0]
	7	5	[0][0][1][1][1]
	8	14	[1][0][0][0][0]
	9	7	[0][1][0][0][1]
	10	8	[0][1][0][1][0]
	11	9	[0][1][0][1][1]
	12	10	[0][1][1][0][0]
	13	11	[0][1][1][0][1]
	14	12	[0][1][1][1][0]
	15	8	[0][1][0][1][0]
	16	16	[1][0][1][0][0]
	17	17	[1][1][0][0][0]
	18	0	[0][0][0][0][1]
	19	6	[0][1][0][0][0]
	20	18	[1][1][0][0][1]
	21	19	[1][1][0][1][0]
	22	0	[0][0][0][0][1]
	23	2	[0][0][1][0][0]
	24	22	[1][1][1][1][0]
	25	23	[1][1][1][1][1]
	26	2	[0][0][1][0][0]
	27	6	[0][1][0][0][0]
	28	6	[0][1][0][0][0]
	29	9	[0][1][0][1][1]
	30	14	[1][0][0][0][0]
	31	13	[0][1][1][1][1]
	32	14	[1][0][0][0][0]
	33	17	[1][1][0][0][0]
	34	19	[1][1][0][1][0]
	35	2	[0][0][1][0][0]
	36	7	[0][1][0][0][1]
	37	12	[0][1][1][1][0]
	38	18	[1][1][0][0][1]
	39	3	[0][0][1][0][1]
	40	4	[0][0][1][1][0]
	41	10	[0][1][1][0][0]
	42	14	[1][0][0][0][0]
	43	18	[1][1][0][0][1]
	44	5	[0][0][1][1][1]
	45	11	[0][1][1][0][1]
	46	16	[1][0][1][0][0]
	47	20	[1][1][1][0][0]
	48	8	[0][1][0][1][0]
	49	14	[1][0][0][0][0]
	50	5	[0][0][1][1][1]
	51	14	[1][0][0][0][0]
	52	6	[0][1][0][0][0]
	53	14	[1][0][0][0][0]
	54	10	[0][1][1][0][0]
	55	19	[1][1][0][1][0]
	56	7	[0][1][0][0][1]
	57	16	[1][0][1][0][0]
	58	14	[1][0][0][0][0]
	59	6	[0][1][0][0][0]
	60	15	[1][0][0][1][0]
	61	4	[0][0][1][1][0]
	62	15	[1][0][0][1][0]
	63	4	[0][0][1][1][0]
	64	17	[1][1][0][0][0]
	65	19	[1][1][0][1][0]
	66	6	[0][1][0][0][0]
	67	16	[1][0][1][0][0]
	68	6	[0][1][0][0][0]
	69	16	[1][0][1][0][0]
	70	6	[0][1][0][0][0]
	71	14	[1][0][0][0][0]
	72	17	[1][1][0][0][0]
	73	7	[0][1][0][0][1]
	74	17	[1][1][0][0][0]
	75	7	[0][1][0][0][1]
	76	17	[1][1][0][0][0]
	77	7	[0][1][0][0][1]
	78	18	[1][1][0][0][1]
	79	12	[0][1][1][1][0]
	80	6	[0][1][0][0][0]
	81	20	[1][1][1][0][0]
	82	4	[0][0][1][1][0]
	83	9	[0][1][0][1][1]
	84	22	[1][1][1][1][0]
	85	17	[1][1][0][0][0]
	86	12	[0][1][1][1][0]
	87	8	[0][1][0][1][0]
	88	15	[1][0][0][1][0]
	89	21	[1][1][1][0][1]
	90	20	[1][1][1][0][0]
	91	14	[1][0][0][0][0]
	92	15	[1][0][0][1][0]
	93	20	[1][1][1][0][0]
	94	6	[0][1][0][0][0]
	95	3	[0][0][1][0][1]
	96	22	[1][1][1][1][0]
	97	22	[1][1][1][1][0]
	98	22	[1][1][1][1][0]
	99	22	[1][1][1][1][0]
	100	14	[1][0][0][0][0]
	101	4	[0][0][1][1][0]
	102	8	[0][1][0][1][0]
	103	10	[0][1][1][0][0]
	104	15	[1][0][0][1][0]
	105	17	[1][1][0][0][0]
	106	14	[1][0][0][0][0]
	107	22	[1][1][1][1][0]
	108	10	[0][1][1][0][0]
	109	6	[0][1][0][0][0]
	110	19	[1][1][0][1][0]
	111	9	[0][1][0][1][1]
	112	16	[1][0][1][0][0]
	113	6	[0][1][0][0][0]
	114	16	[1][0][1][0][0]
	115	19	[1][1][0][1][0]
	116	9	[0][1][0][1][1]
	117	10	[0][1][1][0][0]
	118	15	[1][0][0][1][0]
	119	8	[0][1][0][1][0]
	120	16	[1][0][1][0][0]
	121	17	[1][1][0][0][0]
	122	17	[1][1][0][0][0]
	123	6	[0][1][0][0][0]
	124	17	[1][1][0][0][0]
	125	17	[1][1][0][0][0]
	126	6	[0][1][0][0][0]
	127	19	[1][1][0][1][0]
	128	16	[1][0][1][0][0]
	129	8	[0][1][0][1][0]
	130	20	[1][1][1][0][0]
	131	14	[1][0][0][0][0]
	132	6	[0][1][0][0][0]
	133	10	[0][1][1][0][0]
	134	14	[1][0][0][0][0]
	135	2	[0][0][1][0][0]
	136	14	[1][0][0][0][0]
	137	16	[1][0][1][0][0]
	138	8	[0][1][0][1][0]
	139	15	[1][0][0][1][0]
	140	6	[0][1][0][0][0]
	141	8	[0][1][0][1][0]
	142	15	[1][0][0][1][0]
	143	10	[0][1][1][0][0]
	144	17	[1][1][0][0][0]
	145	14	[1][0][0][0][0]
	146	8	[0][1][0][1][0]
	147	0	[0][0][0][0][1]
	148	14	[1][0][0][0][0]
	149	16	[1][0][1][0][0]
	150	10	[0][1][1][0][0]
	151	8	[0][1][0][1][0]
	152	6	[0][1][0][0][0]
	153	6	[0][1][0][0][0]
	154	14	[1][0][0][0][0]
	155	8	[0][1][0][1][0]
	156	8	[0][1][0][1][0]
	157	6	[0][1][0][0][0]
	158	18	[1][1][0][0][1]
	159	20	[1][1][1][0][0]
	160	8	[0][1][0][1][0]
	161	14	[1][0][0][0][0]
	162	10	[0][1][1][0][0]
	163	8	[0][1][0][1][0]
	164	8	[0][1][0][1][0]
	165	14	[1][0][0][0][0]
	166	14	[1][0][0][0][0]
	167	14	[1][0][0][0][0]
	168	14	[1][0][0][0][0]
	169	14	[1][0][0][0][0]
	170	6	[0][1][0][0][0]
	171	14	[1][0][0][0][0]
	172	6	[0][1][0][0][0]
	173	16	[1][0][1][0][0]
	174	14	[1][0][0][0][0]
	175	8	[0][1][0][1][0]
	176	14	[1][0][0][0][0]
	177	4	[0][0][1][1][0]
	178	17	[1][1][0][0][0]
	179	8	[0][1][0][1][0]
	180	8	[0][1][0][1][0]
	181	14	[1][0][0][0][0]
	182	10	[0][1][1][0][0]
	183	17	[1][1][0][0][0]
	184	17	[1][1][0][0][0]
	185	17	[1][1][0][0][0]
	186	17	[1][1][0][0][0]
	187	6	[0][1][0][0][0]
	188	6	[0][1][0][0][0]
	189	6	[0][1][0][0][0]
	190	15	[1][0][0][1][0]
	191	21	[1][1][1][0][1]
	192	6	[0][1][0][0][0]
	193	5	[0][0][1][1][1]
	194	17	[1][1][0][0][0]
	195	20	[1][1][1][0][0]
	196	6	[0][1][0][0][0]
	197	6	[0][1][0][0][0]
	198	6	[0][1][0][0][0]
	199	17	[1][1][0][0][0]
	200	6	[0][1][0][0][0]