200 5 24
1 2 1 2 1 
2 3 3 5 5 
0 3 0 0 0 0 1
1 2 0 0 0 1 1
2 4 0 0 1 0 0
3 3 0 0 1 0 1
4 6 0 0 1 1 0
5 4 0 0 1 1 1
6 29 0 1 0 0 0
7 6 0 1 0 0 1
8 20 0 1 0 1 0
9 5 0 1 0 1 1
10 11 0 1 1 0 0
11 2 0 1 1 0 1
12 4 0 1 1 1 0
13 1 0 1 1 1 1
14 28 1 0 0 0 0
15 9 1 0 0 1 0
16 12 1 0 1 0 0
17 22 1 1 0 0 0
18 5 1 1 0 0 1
19 7 1 1 0 1 0
20 7 1 1 1 0 0
21 2 1 1 1 0 1
22 7 1 1 1 1 0
23 1 1 1 1 1 1

Cantidad de restricciones violadas (solucion Greedy): 92
Tiempo de ejecucion :116.827 milisegundos
Cantidad de restricciones violadas (solucion final): 43
Tiempo de ejecucion :563.529 milisegundos
Cantidad de iteraciones: 38
---------------------------------------
Nro. Auto   Clase	Opciones
---------------------------------------

	1	0	[0][0][0][0][1]
	2	17	[1][1][0][0][0]
	3	1	[0][0][0][1][1]
	4	17	[1][1][0][0][0]
	5	3	[0][0][1][0][1]
	6	17	[1][1][0][0][0]
	7	5	[0][0][1][1][1]
	8	6	[0][1][0][0][0]
	9	7	[0][1][0][0][1]
	10	5	[0][0][1][1][1]
	11	9	[0][1][0][1][1]
	12	20	[1][1][1][0][0]
	13	6	[0][1][0][0][0]
	14	17	[1][1][0][0][0]
	15	14	[1][0][0][0][0]
	16	16	[1][0][1][0][0]
	17	17	[1][1][0][0][0]
	18	0	[0][0][0][0][1]
	19	17	[1][1][0][0][0]
	20	18	[1][1][0][0][1]
	21	19	[1][1][0][1][0]
	22	0	[0][0][0][0][1]
	23	22	[1][1][1][1][0]
	24	3	[0][0][1][0][1]
	25	23	[1][1][1][1][1]
	26	2	[0][0][1][0][0]
	27	6	[0][1][0][0][0]
	28	6	[0][1][0][0][0]
	29	9	[0][1][0][1][1]
	30	14	[1][0][0][0][0]
	31	6	[0][1][0][0][0]
	32	14	[1][0][0][0][0]
	33	18	[1][1][0][0][1]
	34	8	[0][1][0][1][0]
	35	2	[0][0][1][0][0]
	36	6	[0][1][0][0][0]
	37	12	[0][1][1][1][0]
	38	18	[1][1][0][0][1]
	39	16	[1][0][1][0][0]
	40	8	[0][1][0][1][0]
	41	8	[0][1][0][1][0]
	42	14	[1][0][0][0][0]
	43	18	[1][1][0][0][1]
	44	8	[0][1][0][1][0]
	45	11	[0][1][1][0][1]
	46	14	[1][0][0][0][0]
	47	20	[1][1][1][0][0]
	48	10	[0][1][1][0][0]
	49	2	[0][0][1][0][0]
	50	5	[0][0][1][1][1]
	51	14	[1][0][0][0][0]
	52	21	[1][1][1][0][1]
	53	14	[1][0][0][0][0]
	54	10	[0][1][1][0][0]
	55	19	[1][1][0][1][0]
	56	7	[0][1][0][0][1]
	57	16	[1][0][1][0][0]
	58	10	[0][1][1][0][0]
	59	5	[0][0][1][1][1]
	60	6	[0][1][0][0][0]
	61	4	[0][0][1][1][0]
	62	17	[1][1][0][0][0]
	63	4	[0][0][1][1][0]
	64	22	[1][1][1][1][0]
	65	16	[1][0][1][0][0]
	66	6	[0][1][0][0][0]
	67	20	[1][1][1][0][0]
	68	6	[0][1][0][0][0]
	69	16	[1][0][1][0][0]
	70	6	[0][1][0][0][0]
	71	14	[1][0][0][0][0]
	72	17	[1][1][0][0][0]
	73	7	[0][1][0][0][1]
	74	17	[1][1][0][0][0]
	75	7	[0][1][0][0][1]
	76	15	[1][0][0][1][0]
	77	7	[0][1][0][0][1]
	78	18	[1][1][0][0][1]
	79	12	[0][1][1][1][0]
	80	6	[0][1][0][0][0]
	81	20	[1][1][1][0][0]
	82	15	[1][0][0][1][0]
	83	9	[0][1][0][1][1]
	84	2	[0][0][1][0][0]
	85	17	[1][1][0][0][0]
	86	12	[0][1][1][1][0]
	87	22	[1][1][1][1][0]
	88	4	[0][0][1][1][0]
	89	21	[1][1][1][0][1]
	90	16	[1][0][1][0][0]
	91	20	[1][1][1][0][0]
	92	10	[0][1][1][0][0]
	93	6	[0][1][0][0][0]
	94	14	[1][0][0][0][0]
	95	22	[1][1][1][1][0]
	96	22	[1][1][1][1][0]
	97	6	[0][1][0][0][0]
	98	8	[0][1][0][1][0]
	99	22	[1][1][1][1][0]
	100	6	[0][1][0][0][0]
	101	4	[0][0][1][1][0]
	102	8	[0][1][0][1][0]
	103	10	[0][1][1][0][0]
	104	15	[1][0][0][1][0]
	105	17	[1][1][0][0][0]
	106	17	[1][1][0][0][0]
	107	22	[1][1][1][1][0]
	108	10	[0][1][1][0][0]
	109	14	[1][0][0][0][0]
	110	6	[0][1][0][0][0]
	111	9	[0][1][0][1][1]
	112	16	[1][0][1][0][0]
	113	6	[0][1][0][0][0]
	114	14	[1][0][0][0][0]
	115	19	[1][1][0][1][0]
	116	9	[0][1][0][1][1]
	117	8	[0][1][0][1][0]
	118	15	[1][0][0][1][0]
	119	8	[0][1][0][1][0]
	120	16	[1][0][1][0][0]
	121	17	[1][1][0][0][0]
	122	17	[1][1][0][0][0]
	123	17	[1][1][0][0][0]
	124	15	[1][0][0][1][0]
	125	15	[1][0][0][1][0]
	126	20	[1][1][1][0][0]
	127	10	[0][1][1][0][0]
	128	16	[1][0][1][0][0]
	129	8	[0][1][0][1][0]
	130	17	[1][1][0][0][0]
	131	14	[1][0][0][0][0]
	132	7	[0][1][0][0][1]
	133	10	[0][1][1][0][0]
	134	14	[1][0][0][0][0]
	135	17	[1][1][0][0][0]
	136	14	[1][0][0][0][0]
	137	3	[0][0][1][0][1]
	138	8	[0][1][0][1][0]
	139	15	[1][0][0][1][0]
	140	6	[0][1][0][0][0]
	141	8	[0][1][0][1][0]
	142	15	[1][0][0][1][0]
	143	14	[1][0][0][0][0]
	144	6	[0][1][0][0][0]
	145	14	[1][0][0][0][0]
	146	6	[0][1][0][0][0]
	147	17	[1][1][0][0][0]
	148	16	[1][0][1][0][0]
	149	19	[1][1][0][1][0]
	150	14	[1][0][0][0][0]
	151	19	[1][1][0][1][0]
	152	6	[0][1][0][0][0]
	153	12	[0][1][1][1][0]
	154	14	[1][0][0][0][0]
	155	14	[1][0][0][0][0]
	156	8	[0][1][0][1][0]
	157	6	[0][1][0][0][0]
	158	17	[1][1][0][0][0]
	159	20	[1][1][1][0][0]
	160	14	[1][0][0][0][0]
	161	14	[1][0][0][0][0]
	162	8	[0][1][0][1][0]
	163	8	[0][1][0][1][0]
	164	10	[0][1][1][0][0]
	165	8	[0][1][0][1][0]
	166	14	[1][0][0][0][0]
	167	10	[0][1][1][0][0]
	168	14	[1][0][0][0][0]
	169	14	[1][0][0][0][0]
	170	6	[0][1][0][0][0]
	171	10	[0][1][1][0][0]
	172	14	[1][0][0][0][0]
	173	14	[1][0][0][0][0]
	174	16	[1][0][1][0][0]
	175	8	[0][1][0][1][0]
	176	14	[1][0][0][0][0]
	177	8	[0][1][0][1][0]
	178	19	[1][1][0][1][0]
	179	8	[0][1][0][1][0]
	180	4	[0][0][1][1][0]
	181	8	[0][1][0][1][0]
	182	8	[0][1][0][1][0]
	183	17	[1][1][0][0][0]
	184	4	[0][0][1][1][0]
	185	17	[1][1][0][0][0]
	186	1	[0][0][0][1][1]
	187	6	[0][1][0][0][0]
	188	17	[1][1][0][0][0]
	189	6	[0][1][0][0][0]
	190	15	[1][0][0][1][0]
	191	16	[1][0][1][0][0]
	192	6	[0][1][0][0][0]
	193	13	[0][1][1][1][1]
	194	19	[1][1][0][1][0]
	195	6	[0][1][0][0][0]
	196	6	[0][1][0][0][0]
	197	14	[1][0][0][0][0]
	198	6	[0][1][0][0][0]
	199	6	[0][1][0][0][0]
	200	11	[0][1][1][0][1]